index,Value
0,[4]
1,[1]
2,[1]
3,[1]
4,[1]
5,[1]
6,[1]
7,[1]
8,[1]
9,[4]
10,[4]
11,[4]
12,[4]
13,[4]
14,[4]
15,[1]
16,[1]
17,[4]
18,[4]
19,[4]
20,[4]
21,[4]
22,[4]
23,[4]
24,[4]
25,[4]
26,[4]
27,[4]
28,[4]
29,[1]
30,[1]
31,[1]
32,[1]
33,[1]
34,[1]
35,[4]
36,[4]
37,[4]
38,[4]
39,[4]
40,[4]
41,[4]
42,[4]
43,[1]
44,[5]
45,[1]
46,[1]
47,[4]
48,[4]
49,[4]
50,[4]
51,[4]
52,[4]
53,[4]
54,[1]
55,[1]
56,[1]
57,[1]
58,[1]
59,[1]
60,[1]
61,[1]
62,[1]
63,[1]
64,[1]
65,[1]
66,[1]
67,[4]
68,[1]
69,[4]
70,[4]
71,[1]
72,[1]
73,[1]
74,[1]
75,[1]
76,[1]
77,[1]
78,[1]
79,[1]
80,[1]
81,[1]
82,[1]
83,[1]
84,[1]
85,[1]
86,[1]
87,[1]
88,[1]
89,[5]
90,[4]
91,[1]
92,[1]
93,[1]
94,[1]
95,[1]
96,[1]
97,[4]
98,[4]
99,[4]
100,[4]
101,[4]
102,[4]
103,[4]
104,[4]
105,[4]
106,[4]
107,[4]
108,[4]
109,[4]
110,[4]
111,[4]
112,[4]
113,[4]
114,[1]
115,[4]
116,[4]
117,[4]
118,[4]
119,[4]
120,[4]
121,[4]
122,[1]
123,[1]
124,[5]
125,[1]
126,[1]
127,[1]
128,[1]
129,[1]
130,[1]
131,[4]
132,[1]
133,[4]
134,[4]
135,[4]
136,[4]
137,[4]
138,[4]
139,[4]
140,[4]
141,[1]
142,[1]
143,[5]
144,[1]
145,[1]
146,[4]
147,[1]
148,[1]
149,[1]
150,[1]
151,[4]
152,[1]
153,[1]
154,[1]
155,[1]
156,[4]
157,[4]
158,[4]
159,[4]
160,[4]
161,[4]
162,[4]
163,[4]
164,[4]
165,[4]
166,[4]
167,[4]
168,[4]
169,[4]
170,[4]
171,[4]
172,[4]
173,[4]
174,[4]
175,[4]
176,[4]
177,[4]
178,[4]
179,[4]
180,[4]
181,[4]
182,[4]
183,[4]
184,[4]
185,[4]
186,[4]
187,[4]
188,[4]
189,[4]
190,[4]
191,[4]
192,[4]
193,[4]
194,[4]
195,[4]
196,[4]
197,[4]
198,[1]
199,[4]
200,[1]
201,[4]
202,[1]
203,[4]
204,[1]
205,[1]
206,[1]
207,[4]
208,[1]
209,[4]
210,[4]
211,[4]
212,[4]
213,[1]
214,[4]
215,[4]
216,[4]
217,[4]
218,[4]
219,[4]
220,[4]
221,[1]
222,[1]
223,[4]
224,[4]
225,[1]
226,[1]
227,[1]
228,[4]
229,[4]
230,[4]
231,[4]
232,[4]
233,[4]
234,[4]
235,[4]
236,[4]
237,[4]
238,[4]
239,[4]
240,[5]
241,[1]
242,[1]
243,[1]
244,[1]
245,[1]
246,[1]
247,[1]
248,[1]
249,[1]
250,[1]
251,[4]
252,[4]
253,[4]
254,[4]
255,[4]
256,[4]
257,[4]
258,[1]
259,[1]
260,[1]
261,[1]
262,[1]
263,[1]
264,[1]
265,[5]
266,[1]
267,[1]
268,[4]
269,[1]
270,[1]
271,[4]
272,[4]
273,[4]
274,[4]
275,[4]
276,[1]
277,[4]
278,[4]
279,[1]
280,[4]
281,[4]
282,[4]
283,[4]
284,[4]
285,[4]
286,[5]
287,[1]
288,[1]
289,[1]
290,[1]
291,[1]
292,[1]
293,[4]
294,[4]
295,[4]
296,[4]
297,[4]
298,[4]
299,[4]
300,[4]
301,[4]
302,[4]
303,[4]
304,[1]
305,[4]
306,[4]
307,[4]
308,[4]
309,[4]
310,[4]
311,[1]
312,[4]
313,[1]
314,[1]
315,[1]
316,[1]
317,[1]
318,[4]
319,[4]
320,[1]
321,[1]
322,[4]
323,[4]
324,[1]
325,[4]
326,[1]
327,[1]
328,[1]
329,[1]
330,[1]
331,[4]
332,[4]
333,[4]
334,[5]
335,[1]
336,[4]
337,[1]
338,[1]
339,[1]
340,[1]
341,[1]
342,[1]
343,[1]
344,[1]
345,[1]
346,[1]
347,[1]
348,[1]
349,[4]
350,[4]
351,[4]
352,[4]
353,[4]
354,[4]
355,[4]
356,[4]
357,[4]
358,[4]
359,[4]
360,[4]
361,[4]
362,[4]
363,[4]
364,[4]
365,[4]
366,[4]
367,[4]
368,[4]
369,[4]
370,[4]
371,[4]
372,[4]
373,[4]
374,[4]
375,[4]
376,[4]
377,[4]
378,[1]
379,[4]
380,[4]
381,[4]
382,[4]
383,[4]
384,[4]
385,[4]
386,[4]
387,[4]
388,[1]
389,[4]
390,[1]
391,[1]
392,[1]
393,[1]
394,[1]
395,[1]
396,[1]
397,[1]
398,[5]
399,[4]
400,[1]
401,[4]
402,[1]
403,[1]
404,[1]
405,[1]
406,[4]
407,[4]
408,[4]
409,[4]
410,[4]
411,[4]
412,[4]
413,[4]
414,[4]
415,[4]
416,[4]
417,[4]
418,[4]
419,[4]
420,[4]
421,[4]
422,[4]
423,[4]
424,[4]
425,[4]
426,[4]
427,[4]
428,[4]
429,[4]
430,[1]
431,[1]
432,[1]
433,[1]
434,[4]
435,[4]
436,[4]
437,[1]
438,[1]
439,[1]
440,[4]
441,[1]
442,[1]
443,[1]
444,[1]
445,[4]
446,[4]
447,[4]
448,[4]
449,[4]
450,[4]
451,[4]
452,[4]
453,[4]
454,[4]
455,[1]
456,[1]
457,[4]
458,[1]
459,[1]
460,[1]
461,[1]
462,[4]
463,[4]
464,[4]
465,[4]
466,[4]
467,[4]
468,[4]
469,[1]
470,[1]
471,[1]
472,[1]
473,[1]
474,[1]
475,[1]
476,[1]
477,[1]
478,[4]
479,[4]
480,[4]
481,[4]
482,[4]
483,[4]
484,[4]
485,[1]
486,[1]
487,[4]
488,[4]
489,[4]
490,[4]
491,[4]
492,[4]
493,[4]
494,[4]
495,[4]
496,[4]
497,[4]
498,[4]
499,[4]
500,[1]
501,[1]
502,[4]
503,[1]
504,[4]
505,[1]
506,[4]
507,[4]
508,[4]
509,[4]
510,[4]
511,[4]
512,[4]
513,[4]
514,[1]
515,[4]
516,[4]
517,[4]
518,[4]
519,[4]
520,[4]
521,[1]
522,[1]
523,[1]
524,[1]
525,[1]
526,[1]
527,[1]
528,[1]
529,[1]
530,[1]
531,[1]
532,[4]
533,[4]
534,[1]
535,[4]
536,[4]
537,[4]
538,[4]
539,[4]
540,[4]
541,[4]
542,[4]
543,[1]
544,[4]
545,[4]
546,[4]
547,[4]
548,[4]
549,[4]
550,[1]
551,[4]
552,[4]
553,[4]
554,[1]
555,[4]
556,[4]
557,[4]
558,[4]
559,[4]
560,[4]
561,[4]
562,[4]
563,[4]
564,[4]
565,[4]
566,[4]
567,[1]
568,[4]
569,[1]
570,[4]
571,[4]
572,[4]
573,[4]
574,[4]
575,[4]
576,[1]
577,[1]
578,[4]
579,[1]
580,[1]
581,[1]
582,[1]
583,[1]
584,[4]
585,[1]
586,[1]
587,[1]
588,[1]
589,[1]
590,[1]
591,[1]
592,[4]
593,[1]
594,[4]
595,[4]
596,[4]
597,[4]
598,[4]
599,[4]
600,[4]
601,[4]
602,[4]
603,[4]
604,[4]
605,[4]
606,[4]
607,[4]
608,[4]
609,[4]
610,[1]
611,[4]
612,[1]
613,[1]
614,[1]
615,[1]
616,[1]
617,[1]
618,[1]
619,[5]
620,[4]
621,[4]
622,[4]
623,[4]
624,[4]
625,[4]
626,[4]
627,[4]
628,[4]
629,[1]
630,[4]
631,[1]
632,[4]
633,[4]
634,[4]
635,[4]
636,[4]
637,[4]
638,[1]
639,[4]
640,[4]
641,[4]
642,[4]
643,[4]
644,[4]
645,[4]
646,[4]
647,[4]
648,[4]
649,[4]
650,[4]
651,[4]
652,[5]
653,[1]
654,[4]
655,[4]
656,[4]
657,[4]
658,[4]
659,[4]
660,[4]
661,[4]
662,[4]
663,[4]
664,[4]
665,[1]
666,[4]
667,[1]
668,[4]
669,[4]
670,[4]
671,[4]
672,[4]
673,[4]
674,[1]
675,[4]
676,[4]
677,[4]
678,[4]
679,[4]
680,[1]
681,[4]
682,[4]
683,[1]
684,[1]
685,[1]
686,[4]
687,[1]
688,[1]
689,[1]
690,[4]
691,[1]
692,[5]
693,[1]
694,[1]
695,[1]
696,[1]
697,[1]
698,[1]
699,[1]
700,[1]
701,[4]
702,[4]
703,[4]
704,[4]
705,[4]
706,[4]
707,[4]
708,[1]
709,[4]
710,[1]
711,[1]
712,[1]
713,[1]
714,[1]
715,[1]
716,[1]
717,[4]
718,[4]
719,[4]
720,[4]
721,[4]
722,[4]
723,[4]
724,[1]
725,[4]
726,[4]
727,[4]
728,[4]
729,[1]
730,[4]
731,[4]
732,[4]
733,[4]
734,[4]
735,[4]
736,[4]
737,[4]
738,[1]
739,[1]
740,[1]
741,[1]
742,[1]
743,[4]
744,[1]
745,[1]
746,[1]
747,[1]
748,[1]
749,[5]
750,[1]
751,[1]
752,[4]
753,[1]
754,[4]
755,[1]
756,[4]
757,[4]
758,[4]
759,[4]
760,[4]
761,[4]
762,[4]
763,[4]
764,[4]
765,[4]
766,[4]
767,[4]
768,[4]
769,[5]
770,[4]
771,[4]
772,[4]
773,[4]
774,[4]
775,[4]
776,[4]
777,[4]
778,[4]
779,[4]
780,[4]
781,[4]
782,[1]
783,[4]
784,[4]
785,[4]
786,[1]
787,[1]
788,[4]
789,[4]
790,[4]
791,[4]
792,[4]
793,[4]
794,[4]
795,[4]
796,[4]
797,[4]
798,[4]
799,[4]
800,[4]
801,[4]
802,[4]
803,[4]
804,[4]
805,[4]
806,[4]
807,[1]
808,[1]
809,[1]
810,[5]
811,[1]
812,[1]
813,[1]
814,[1]
815,[1]
816,[1]
817,[1]
818,[4]
819,[4]
820,[4]
821,[4]
822,[4]
823,[1]
824,[1]
825,[1]
826,[1]
827,[1]
828,[1]
829,[4]
830,[5]
831,[4]
832,[4]
833,[4]
834,[4]
835,[4]
836,[4]
837,[4]
838,[4]
839,[4]
840,[4]
841,[4]
842,[4]
843,[4]
844,[1]
845,[1]
846,[1]
847,[1]
848,[4]
849,[4]
850,[4]
851,[4]
852,[4]
853,[4]
854,[4]
855,[4]
856,[4]
857,[4]
858,[4]
859,[1]
860,[1]
861,[4]
862,[1]
863,[4]
864,[4]
865,[4]
866,[4]
867,[4]
868,[4]
869,[4]
870,[4]
871,[1]
872,[1]
873,[1]
874,[1]
875,[1]
876,[1]
877,[1]
878,[1]
879,[1]
880,[1]
881,[1]
882,[1]
883,[4]
884,[4]
885,[4]
886,[4]
887,[4]
888,[4]
889,[4]
890,[4]
891,[5]
892,[1]
893,[1]
894,[1]
895,[4]
896,[4]
897,[4]
898,[4]
899,[4]
900,[4]
901,[4]
902,[1]
903,[4]
904,[1]
905,[1]
906,[1]
907,[1]
908,[1]
909,[1]
910,[1]
911,[4]
912,[1]
913,[1]
914,[1]
915,[1]
916,[1]
917,[1]
918,[1]
919,[1]
920,[1]
921,[1]
922,[1]
923,[1]
924,[1]
925,[4]
926,[4]
927,[4]
928,[4]
929,[4]
930,[1]
931,[4]
932,[1]
933,[1]
934,[1]
935,[1]
936,[1]
937,[1]
938,[5]
939,[1]
940,[4]
941,[1]
942,[4]
943,[4]
944,[4]
945,[4]
946,[4]
947,[4]
948,[5]
949,[4]
950,[4]
951,[4]
952,[4]
953,[4]
954,[4]
955,[4]
956,[4]
957,[4]
958,[4]
959,[4]
960,[4]
961,[1]
962,[1]
963,[1]
964,[1]
965,[1]
966,[1]
967,[1]
968,[1]
969,[1]
970,[1]
971,[1]
972,[1]
973,[1]
974,[1]
975,[1]
976,[1]
977,[1]
978,[1]
979,[1]
980,[1]
981,[4]
982,[4]
983,[4]
984,[4]
985,[4]
986,[4]
987,[4]
988,[1]
989,[1]
990,[4]
991,[4]
992,[4]
993,[4]
994,[4]
995,[4]
996,[4]
997,[4]
998,[4]
999,[4]
