0.0
10.34153252892111
10.419736495745923
11.038391502150999
11.08706718781826
11.663798432004837
13.062214462574783
13.367633101499694
15.236894971929248
16.17956212315243
16.258415743670206
16.869317768893076
17.321841557225593
18.272647174939117
18.932251514043337
19.15858656872228
19.436784733651535
19.637940276652802
19.807205321359437
20.91190126052928
21.43697591035278
21.722192916383605
22.80936048593701
23.151504174153605
23.650189052428065
27.130111419309703
28.203710464015323
28.896813406682647
29.011319309483657
29.112490695379904
32.5357337859374
32.71339828297201
32.78527248986244
32.87848463707543
33.621473181348534
34.30487346327287
34.76148728295875
37.01880857183692
38.16811767577558
38.33212283393638
38.606826348887566
38.64863263940169
39.33826956006805
39.45499097970099
39.863721744057344
40.20964179112334
41.246989181624876
42.34223801041377
43.39978943535247
43.672602441080386
43.91847779177867
44.74975776932961
45.08109912288081
45.09428684639227
45.262507752865865
45.697645872300036
46.013467822319114
46.205874298434104
47.4308545745848
47.45409503914681
48.20187493909147
48.60054671480097
48.608621077049946
48.74853037296498
48.84145382053729
49.73056578848763
50.1099040280632
51.11548853789071
51.15957492137917
51.497410030535605
52.476115028683225
53.00611572306576
53.98557400300219
53.99241223380713
54.38859868509128
54.50144537832513
55.93061700222403
56.60177304098362
56.61959033094518
56.74792464606132
56.777975776242734
57.20262869274315
57.92878282989905
58.68384985717932
58.76151092008959
59.57567635523376
59.881984622056336
60.71192363274317
60.798444325448884
60.975010586269164
61.065596608419725
61.12658697626672
61.317404038083694
62.49430599261375
63.2416909796905
63.44570711518125
63.45730839758765
63.865763005434204
64.27665654688694
64.3083761110534
64.44600387102153
64.44913840673362
64.56142756861388
65.35076099451308
65.35166200289625
66.34660855374268
66.3753330793598
66.42429619709286
67.22217024429109
68.10657236864998
69.71209235587985
69.80879425084751
70.69552280378028
71.22614866505016
71.66678709457682
71.69816665361235
72.05028105849077
72.44653336893002
73.25477715915586
73.47387091267234
73.722973731229
75.3841742682717
76.03051240563451
77.34749993189627
77.41559161180112
78.04971982104405
78.33954013500224
78.83425963170353
80.0395013126786
80.09076227944598
80.5063765805922
81.94299478048025
82.2381437950751
83.84003153347557
86.16152431216882
86.42565113745873
86.53964295765044
86.9703023059417
88.00234086658713
90.33341890975025
91.76716457910582
92.91401637188774
93.01397650421048
93.04037645550589
93.81127433110427
93.86464513579291
94.52392776700016
94.71966849248051
94.99376813843242
96.22139984639293
96.79517650748822
97.41475561007518
99.5652129460914
99.7240971725829
100.70457020142584
101.2070405269155
102.14658312690375
103.25240904266121
105.26437066575657
105.83108649954762
111.78962734695827
113.55899260796826
113.852583065716
114.21161795033936
115.04416919066273
115.30380535637543
115.54726445226133
115.67467088408397
116.21810396477294
116.27368027701687
116.77391070262556
116.90740414230686
117.73912951988999
118.03881723978377
118.07907143825177
118.80777668572291
119.71554782504407
121.4759455899257
121.72476986020865
122.08293346434843
122.90969120546787
123.47524582256823
123.48143149271048
123.69967110943249
123.7077578714122
124.69833725135832
126.0379855265922
127.28700812235547
127.66455195782117
127.86261957619804
128.31421753055014
128.71961406533282
128.95946949920912
129.00870250717082
133.69402013833323
