0 2
0 186
0 998
1 2
1 3
1 293
2 0
2 1
2 3
2 4
3 1
3 2
3 4
3 5
3 295
4 2
4 3
4 5
4 261
5 3
5 4
5 6
5 7
6 5
6 7
6 8
6 416
7 5
7 6
7 8
7 9
8 6
8 7
8 481
8 913
9 7
9 10
9 11
10 9
10 11
10 12
11 9
11 10
11 12
11 13
11 328
12 10
12 11
12 13
12 14
12 318
13 11
13 12
13 14
13 15
13 164
14 12
14 13
14 15
14 567
15 13
15 14
15 16
15 17
15 694
16 15
16 17
16 18
17 15
17 16
17 18
17 19
17 302
17 667
18 16
18 17
18 19
18 20
19 17
19 18
19 21
19 109
19 131
20 18
20 21
20 22
21 19
21 20
21 22
21 285
21 801
22 20
22 21
22 23
22 24
22 322
22 916
23 22
23 24
23 25
24 22
24 23
24 25
24 26
24 869
25 23
25 24
25 26
25 27
25 62
25 919
26 24
26 25
26 27
26 28
27 25
27 26
27 28
27 693
28 26
28 27
28 29
28 30
29 28
29 30
29 31
29 720
30 28
30 29
30 31
30 32
31 29
31 30
31 32
31 33
31 402
32 30
32 31
32 33
32 34
33 31
33 32
33 34
33 35
33 408
34 32
34 33
34 36
34 618
35 33
35 36
35 37
36 34
36 35
36 759
36 789
36 819
37 35
37 38
37 39
38 37
38 39
38 40
39 37
39 38
39 40
39 707
40 38
40 39
40 41
40 42
40 200
41 40
41 42
41 201
41 629
42 40
42 41
42 44
42 949
43 44
43 962
44 42
44 43
44 45
44 618
45 44
45 46
45 47
46 45
46 47
46 48
47 45
47 46
47 48
47 49
48 46
48 47
48 49
48 50
49 47
49 48
49 50
49 51
50 48
50 49
50 51
50 431
51 49
51 50
51 52
51 53
52 51
52 54
52 734
53 51
53 54
53 55
54 52
54 53
54 55
54 56
54 105
55 53
55 54
55 56
55 57
56 54
56 55
56 57
56 58
57 55
57 56
57 58
57 59
58 56
58 57
58 59
58 60
58 304
59 57
59 58
59 157
59 677
60 58
60 61
60 62
61 60
61 62
61 63
62 25
62 60
62 61
62 64
63 61
63 64
63 65
64 62
64 63
64 66
64 348
64 645
65 63
65 66
65 67
65 400
66 64
66 65
66 68
66 728
67 65
67 68
67 69
68 66
68 67
68 69
68 70
68 264
69 67
69 68
69 70
69 508
70 68
70 69
70 71
70 72
71 70
71 72
71 73
72 70
72 71
72 74
72 121
73 71
73 75
73 516
74 72
74 75
74 534
75 73
75 74
75 77
75 359
76 78
76 437
76 890
76 986
77 75
77 78
77 79
78 76
78 77
78 80
78 411
79 77
79 80
79 300
79 758
80 78
80 79
80 81
80 82
81 80
81 82
81 83
82 80
82 81
82 83
82 84
83 81
83 82
83 84
83 85
84 82
84 83
84 85
84 86
84 644
85 83
85 84
85 86
85 87
86 84
86 85
86 87
86 88
87 85
87 86
87 88
87 89
88 86
88 87
88 89
88 90
89 87
89 88
89 91
89 764
90 88
90 92
90 398
91 89
91 92
91 93
92 90
92 91
92 93
92 94
93 91
93 92
93 94
93 919
94 92
94 93
94 95
94 158
94 873
95 94
95 96
95 97
95 861
96 95
96 97
96 98
96 330
97 95
97 96
97 177
97 257
98 96
98 100
98 114
98 523
99 100
99 101
99 251
99 282
100 98
100 99
100 101
100 102
101 99
101 100
101 102
101 103
102 100
102 101
102 103
102 684
103 101
103 102
103 104
103 502
104 103
104 105
104 106
105 54
105 104
105 106
105 312
105 447
106 104
106 105
106 107
106 108
107 106
107 108
107 290
108 106
108 107
108 109
108 110
109 19
109 108
109 111
110 108
110 111
110 112
111 109
111 110
111 112
111 113
112 110
112 111
112 113
112 114
113 111
113 112
113 114
113 115
114 98
114 112
114 113
114 115
114 116
115 113
115 114
115 116
115 117
116 114
116 115
116 117
116 118
117 115
117 116
117 118
117 119
118 116
118 117
118 120
118 143
119 117
119 120
119 221
119 830
119 855
120 118
120 119
120 121
120 122
121 72
121 120
121 122
121 123
122 120
122 121
122 649
122 924
122 929
123 121
123 124
123 125
124 123
124 125
124 126
125 123
125 124
125 126
125 127
125 996
126 124
126 125
126 127
126 128
126 570
127 125
127 126
127 128
127 129
128 126
128 127
128 129
128 130
129 127
129 128
129 130
129 131
130 128
130 129
130 131
130 132
131 19
131 129
131 130
131 132
131 133
132 130
132 131
132 133
132 134
133 131
133 132
133 134
133 135
134 132
134 133
134 135
134 136
135 133
135 134
135 136
135 202
136 134
136 135
136 231
136 498
136 904
137 138
137 139
137 605
137 820
138 137
138 139
138 140
138 208
138 814
139 137
139 138
139 140
139 141
140 138
140 139
140 141
140 451
141 139
141 140
141 142
141 143
141 794
142 141
142 143
142 144
143 118
143 141
143 142
143 145
143 700
144 142
144 145
144 146
145 143
145 144
145 147
145 541
145 746
146 144
146 148
146 222
146 255
147 145
147 148
147 149
148 146
148 147
148 150
148 964
149 147
149 150
149 151
149 439
150 148
150 149
150 151
150 152
150 705
151 149
151 150
151 152
151 464
152 150
152 151
152 154
152 663
153 154
153 155
154 152
154 153
154 155
154 156
155 153
155 154
155 156
155 157
155 674
156 154
156 155
156 158
156 251
157 59
157 155
157 158
157 159
158 94
158 156
158 157
158 160
159 157
159 160
159 161
160 158
160 159
160 161
160 162
161 159
161 160
161 162
161 163
162 160
162 161
162 163
162 164
162 239
163 161
163 162
163 164
163 165
163 345
164 13
164 162
164 163
164 165
164 303
165 163
165 164
165 166
165 810
165 827
166 165
166 167
166 511
167 166
167 168
167 169
168 167
168 169
168 170
169 167
169 168
169 170
169 591
169 699
170 168
170 169
170 171
170 172
170 654
171 170
171 172
171 212
172 170
172 171
172 174
172 332
173 174
173 175
173 636
174 172
174 173
174 175
174 176
175 173
175 174
175 176
175 177
175 592
176 174
176 175
176 177
176 922
177 97
177 175
177 176
177 178
177 179
178 177
178 179
178 180
179 177
179 178
179 180
179 181
179 600
179 742
180 178
180 179
180 181
180 182
181 179
181 180
181 182
181 183
182 180
182 181
182 184
182 708
183 181
183 184
183 185
183 971
184 182
184 183
184 572
184 670
185 183
185 186
185 187
186 0
186 185
186 187
186 188
187 185
187 186
187 188
187 189
188 186
188 187
188 190
188 562
188 757
189 187
189 190
189 191
190 188
190 189
190 191
190 192
190 503
191 189
191 190
191 192
191 639
192 190
192 191
192 193
192 194
193 192
193 194
193 195
194 192
194 193
194 195
194 196
195 193
195 194
195 196
195 491
196 194
196 195
196 197
196 198
197 196
197 198
197 586
197 735
198 196
198 197
198 199
198 200
199 198
199 200
199 201
200 40
200 198
200 199
200 202
201 41
201 199
201 202
201 203
202 135
202 200
202 201
202 203
202 204
203 201
203 202
203 204
203 205
203 722
203 944
203 997
204 202
204 203
204 335
204 931
205 203
205 206
205 207
205 234
206 205
206 207
206 534
207 205
207 206
207 209
207 952
208 138
208 209
209 207
209 208
209 210
209 211
210 209
210 211
210 212
211 209
211 210
211 212
211 280
211 324
211 452
212 171
212 210
212 211
212 214
212 287
213 215
213 535
213 578
214 212
214 215
214 216
214 999
215 213
215 214
215 216
215 217
215 296
216 214
216 215
216 218
216 356
217 215
217 218
217 219
218 216
218 217
218 220
218 961
219 217
219 220
219 221
220 218
220 219
220 221
220 222
220 624
221 119
221 219
221 220
221 223
222 146
222 220
222 223
222 224
222 655
222 719
223 221
223 222
223 716
223 853
224 222
224 225
224 226
225 224
225 227
225 617
226 224
226 227
226 228
226 321
227 225
227 226
227 228
227 229
228 226
228 227
228 229
228 230
229 227
229 228
229 230
229 231
229 262
230 228
230 229
230 231
230 232
231 136
231 229
231 230
231 232
231 233
232 230
232 231
232 233
232 234
233 231
233 232
233 234
233 235
233 498
234 205
234 232
234 233
234 235
234 798
235 233
235 234
235 236
235 237
236 235
236 237
236 238
237 235
237 236
237 238
237 239
238 236
238 237
238 239
238 240
239 162
239 237
239 238
239 240
240 238
240 239
240 241
240 242
240 317
240 545
241 240
241 242
241 243
242 240
242 241
242 244
242 987
243 241
243 244
243 245
244 242
244 243
244 245
244 246
245 243
245 244
245 247
245 868
245 935
246 244
246 248
246 280
247 245
247 248
247 249
248 246
248 247
248 249
248 250
249 247
249 248
249 250
249 772
250 248
250 249
250 251
250 252
250 567
251 99
251 156
251 250
251 439
252 250
252 253
252 264
253 252
253 254
253 255
254 253
254 255
254 256
254 918
255 146
255 253
255 254
255 257
256 254
256 258
256 266
256 816
257 97
257 255
257 259
257 543
257 693
258 256
258 260
258 705
258 956
259 257
259 260
259 261
260 258
260 259
260 261
260 262
260 599
261 4
261 259
261 260
261 262
261 631
262 229
262 260
262 261
262 263
263 262
263 264
263 265
264 68
264 252
264 263
264 265
265 263
265 264
265 266
265 267
266 256
266 265
266 268
266 939
267 265
267 268
267 269
268 266
268 267
268 269
268 270
268 805
269 267
269 268
269 271
269 888
269 990
270 268
270 271
270 272
271 269
271 270
271 272
271 273
271 365
271 473
271 679
272 270
272 271
272 274
272 729
273 271
273 274
273 275
273 951
274 272
274 273
274 275
274 276
275 273
275 274
275 276
275 277
276 274
276 275
276 278
276 311
276 688
276 692
276 844
277 275
277 278
277 279
277 492
278 276
278 277
278 279
278 280
278 366
279 277
279 278
279 280
279 281
280 211
280 246
280 278
280 279
280 281
280 282
281 279
281 280
281 282
281 283
282 99
282 280
282 281
282 283
283 281
283 282
283 284
283 285
284 283
284 286
284 412
285 21
285 283
285 286
285 287
286 284
286 285
286 287
286 288
287 212
287 285
287 286
287 288
287 289
287 609
288 286
288 287
288 289
288 398
289 287
289 288
289 290
289 291
290 107
290 289
290 292
290 372
290 842
291 289
291 292
291 716
292 290
292 291
292 293
292 950
293 1
293 292
293 295
294 295
294 296
295 3
295 293
295 294
295 344
295 571
295 955
296 215
296 294
296 297
297 296
297 298
297 299
298 297
298 299
298 300
299 297
299 298
299 300
299 301
300 79
300 298
300 299
300 301
300 971
301 299
301 300
301 303
301 344
301 927
302 17
302 304
303 164
303 301
303 754
304 58
304 302
304 305
305 304
305 306
305 307
306 305
306 307
306 308
307 305
307 306
307 308
307 309
308 306
308 307
308 309
308 310
309 307
309 308
309 310
309 311
310 308
310 309
310 311
310 312
311 276
311 309
311 310
311 312
311 313
312 105
312 310
312 311
312 314
313 311
313 314
313 315
313 398
314 312
314 313
314 315
314 653
315 313
315 314
315 317
315 522
316 317
316 318
317 240
317 315
317 316
317 579
317 669
318 12
318 316
318 320
319 320
319 985
320 318
320 319
320 321
320 322
321 226
321 320
321 323
322 22
322 320
322 511
323 321
323 324
323 572
323 647
324 211
324 323
324 325
325 324
325 326
325 327
326 325
326 327
326 328
327 325
327 326
327 328
327 329
327 537
328 11
328 326
328 327
328 330
328 409
329 327
329 330
329 331
329 480
330 96
330 328
330 329
330 332
331 329
331 332
331 333
332 172
332 330
332 331
332 333
332 334
333 331
333 332
333 334
333 335
333 426
334 332
334 333
334 335
334 336
335 204
335 333
335 334
335 336
335 337
335 503
336 334
336 335
336 337
336 338
337 335
337 336
337 338
337 339
337 543
338 336
338 337
338 339
338 340
338 917
339 337
339 338
339 340
339 341
340 338
340 339
340 341
340 342
341 339
341 340
341 342
341 343
342 340
342 341
342 344
342 616
343 341
343 344
343 345
344 295
344 301
344 342
344 343
344 630
345 163
345 343
345 346
346 345
346 347
346 348
346 652
346 739
347 346
347 348
347 349
348 64
348 346
348 347
348 921
349 347
349 350
349 351
350 349
350 352
350 793
351 349
351 445
351 652
352 350
352 353
352 354
353 352
353 354
353 505
354 352
354 353
354 355
354 356
355 354
355 356
355 357
356 216
356 354
356 355
356 358
356 464
357 355
357 358
357 693
358 356
358 357
358 359
358 876
359 75
359 358
359 360
359 361
360 359
360 361
360 362
361 359
361 360
361 362
361 363
362 360
362 361
362 363
362 364
363 361
363 362
363 364
363 365
363 858
364 362
364 363
364 365
364 366
365 271
365 363
365 364
365 366
366 278
366 364
366 365
366 367
367 366
367 368
367 369
368 367
368 369
368 370
368 897
369 367
369 368
369 371
369 393
370 368
370 371
370 372
371 369
371 370
371 372
371 551
371 757
372 290
372 370
372 371
372 373
372 374
373 372
373 374
373 453
374 372
374 373
374 375
374 376
375 374
375 435
375 762
376 374
376 377
376 378
377 376
377 378
377 379
378 376
378 377
378 379
378 380
378 791
379 377
379 378
379 380
379 381
379 538
380 378
380 379
380 381
380 382
380 571
381 379
381 380
381 382
381 383
382 380
382 381
382 383
382 384
383 381
383 382
383 384
383 385
384 382
384 383
384 385
384 386
385 383
385 384
385 386
385 387
386 384
386 385
386 387
386 388
386 916
387 385
387 386
387 388
387 389
388 386
388 387
388 389
388 390
389 387
389 388
389 390
389 391
390 388
390 389
390 391
390 392
390 598
391 389
391 390
391 392
391 683
392 390
392 391
392 393
392 394
393 369
393 392
393 395
393 632
394 392
394 395
394 396
395 393
395 394
395 396
395 397
396 394
396 395
396 397
396 398
397 395
397 396
397 398
397 399
398 90
398 288
398 313
398 396
398 397
398 399
399 397
399 398
399 400
399 401
400 65
400 399
400 402
400 527
401 399
401 402
401 403
402 31
402 400
402 401
402 403
402 413
403 401
403 402
403 404
403 405
404 403
404 596
404 904
405 403
405 406
405 407
406 405
406 407
406 627
407 405
407 406
407 408
407 854
408 33
408 407
408 409
409 328
409 408
409 410
410 409
410 411
410 412
410 642
411 78
411 410
411 412
411 657
412 284
412 410
412 411
412 413
412 414
413 402
413 412
413 415
413 504
414 412
414 416
414 864
415 413
415 416
415 563
416 6
416 414
416 415
416 418
417 418
417 419
418 416
418 417
418 419
418 420
419 417
419 418
419 421
419 742
420 418
420 421
420 422
421 419
421 420
421 422
421 423
422 420
422 421
422 423
422 424
423 421
423 422
423 424
423 425
424 422
424 423
424 425
424 426
425 423
425 424
425 426
425 427
426 333
426 424
426 425
426 428
427 425
427 428
427 429
428 426
428 427
428 429
428 430
429 427
429 428
429 430
429 431
430 428
430 429
430 431
430 432
431 50
431 429
431 430
431 432
431 433
432 430
432 431
432 433
432 434
433 431
433 432
433 434
433 435
434 432
434 433
434 435
434 436
435 375
435 433
435 434
435 437
435 483
435 664
436 434
436 438
436 721
437 76
437 435
437 439
437 729
438 436
438 440
438 620
438 624
438 809
439 149
439 251
439 437
439 441
440 438
440 441
440 442
441 439
441 440
441 442
441 596
442 440
442 441
442 443
442 444
443 442
443 444
443 445
443 983
444 442
444 443
444 445
444 446
445 351
445 443
445 444
445 447
445 769
446 444
446 447
446 820
447 105
447 445
447 446
447 449
448 449
448 450
449 447
449 448
449 450
449 451
450 448
450 449
450 451
450 452
451 140
451 449
451 450
451 452
451 453
452 211
452 450
452 451
452 453
453 373
453 451
453 452
453 454
453 455
454 453
454 455
454 456
454 717
455 453
455 454
455 456
455 473
456 454
456 455
456 457
456 955
456 971
457 456
457 458
457 459
458 457
458 459
458 460
458 780
459 457
459 458
459 461
459 898
460 458
460 461
460 462
461 459
461 460
461 462
461 463
462 460
462 461
462 463
462 464
463 461
463 462
463 464
463 465
463 842
464 151
464 356
464 462
464 463
464 465
464 466
465 463
465 464
465 466
465 467
466 464
466 465
466 467
466 650
466 743
467 465
467 466
467 468
467 616
467 856
468 467
468 470
468 855
469 470
469 471
470 468
470 469
470 472
470 863
471 469
471 472
471 473
472 470
472 471
472 474
472 922
473 271
473 455
473 471
473 475
474 472
474 475
474 476
475 473
475 474
475 476
475 477
475 575
476 474
476 475
476 477
476 478
477 475
477 476
477 478
477 479
478 476
478 477
478 479
478 739
478 991
479 477
479 478
479 480
479 481
480 329
480 479
480 481
480 992
481 8
481 479
481 480
481 482
481 483
482 481
482 483
482 484
482 573
483 435
483 481
483 482
483 484
484 482
484 483
484 485
484 664
485 484
485 487
485 967
486 487
486 488
487 485
487 486
487 488
487 945
488 486
488 487
488 489
488 490
489 488
489 490
489 491
489 808
490 488
490 489
490 491
490 492
490 514
491 195
491 489
491 490
491 492
491 493
492 277
492 490
492 491
492 494
492 812
493 491
493 494
493 495
494 492
494 493
494 495
494 553
495 493
495 494
495 496
495 497
496 495
496 498
496 585
497 495
497 498
497 499
498 136
498 233
498 496
498 497
499 497
499 500
499 501
500 499
500 501
500 502
501 499
501 500
501 502
501 503
502 103
502 500
502 501
502 503
502 504
503 190
503 335
503 501
503 502
504 413
504 502
504 506
505 353
505 506
505 507
506 504
506 505
506 507
506 508
507 505
507 506
507 508
507 509
508 69
508 506
508 507
508 509
508 510
509 507
509 508
509 510
509 950
510 508
510 509
510 511
510 512
511 166
511 322
511 510
511 512
511 513
512 510
512 511
512 514
512 549
512 783
512 972
513 511
513 514
513 515
514 490
514 512
514 513
514 515
515 513
515 514
515 516
515 517
516 73
516 515
516 517
516 880
517 515
517 516
517 518
517 519
518 517
518 519
518 520
519 517
519 518
519 520
519 521
520 518
520 519
520 521
520 522
521 519
521 520
521 522
521 523
522 315
522 520
522 521
522 523
522 524
523 98
523 521
523 522
523 943
524 522
524 525
524 526
524 719
525 524
525 526
525 527
526 524
526 525
526 527
526 528
527 400
527 525
527 526
527 529
528 526
528 529
528 530
528 607
528 658
529 527
529 528
529 530
529 531
529 639
529 999
530 528
530 529
530 531
530 532
531 529
531 530
531 532
531 559
531 877
532 530
532 531
532 533
532 945
533 532
533 534
533 535
534 74
534 206
534 533
534 535
534 536
535 213
535 533
535 534
535 536
535 537
536 534
536 535
536 537
536 538
537 327
537 535
537 536
537 539
537 610
538 379
538 536
538 539
539 537
539 538
539 540
539 541
540 539
540 541
540 885
541 145
541 539
541 540
541 542
541 543
542 541
542 543
542 544
542 554
543 257
543 337
543 541
543 542
543 545
544 542
544 545
544 546
545 240
545 543
545 544
545 547
545 764
546 544
546 547
546 548
546 627
547 545
547 546
547 548
547 549
548 546
548 547
548 549
548 550
549 512
549 547
549 548
549 550
550 548
550 549
550 551
550 552
551 371
551 550
551 552
551 588
552 550
552 551
552 553
552 554
553 494
553 552
553 554
553 555
554 542
554 552
554 553
554 555
554 787
555 553
555 554
555 556
555 557
556 555
556 557
556 627
557 555
557 556
557 558
557 559
558 557
558 559
558 711
559 531
559 557
559 558
559 826
560 561
560 562
560 897
561 560
561 563
561 577
562 188
562 560
562 564
563 415
563 561
563 564
563 565
563 608
564 562
564 563
564 566
564 916
565 563
565 566
565 567
566 564
566 565
566 568
566 976
567 14
567 250
567 565
567 706
568 566
568 569
568 570
568 723
569 568
569 570
569 571
570 126
570 568
570 569
570 571
571 295
571 380
571 569
571 570
571 954
572 184
572 323
572 573
573 482
573 572
573 574
574 573
574 575
574 576
575 475
575 574
575 577
575 662
576 574
576 577
576 578
577 561
577 575
577 576
577 578
577 579
577 968
578 213
578 576
578 577
578 580
578 923
579 317
579 577
579 580
579 581
580 578
580 579
580 581
580 582
581 579
581 580
581 583
581 817
582 580
582 583
582 584
583 581
583 582
583 584
583 585
583 787
584 582
584 583
584 585
584 586
584 732
585 496
585 583
585 584
585 586
585 587
585 716
586 197
586 584
586 585
586 766
587 585
587 588
587 704
588 551
588 587
588 876
589 590
589 591
590 589
590 591
590 592
591 169
591 589
591 590
591 593
592 175
592 590
592 593
592 878
593 591
593 592
593 594
593 794
594 593
594 595
594 596
595 594
595 597
595 987
596 404
596 441
596 594
596 597
596 598
597 595
597 596
597 598
597 599
598 390
598 596
598 597
598 600
599 260
599 597
599 601
600 179
600 598
600 601
601 599
601 600
601 602
601 603
602 601
602 603
602 604
603 601
603 602
603 604
603 605
604 602
604 603
604 605
604 606
605 137
605 603
605 604
605 977
606 604
606 607
606 608
606 839
607 528
607 606
607 608
608 563
608 606
608 607
608 610
609 287
609 610
610 537
610 608
610 609
610 611
611 610
611 612
611 613
612 611
612 613
612 614
613 611
613 612
613 615
613 953
614 612
614 615
614 616
615 613
615 614
615 616
615 617
616 342
616 467
616 614
616 615
616 617
616 792
617 225
617 615
617 616
617 618
617 619
618 34
618 44
618 617
618 619
618 620
618 770
619 617
619 618
619 620
619 621
620 438
620 618
620 619
620 621
620 622
621 619
621 620
621 622
621 623
622 620
622 621
622 624
622 941
623 621
623 624
623 625
624 220
624 438
624 622
624 623
624 896
625 623
625 627
625 892
625 905
626 627
626 906
627 406
627 546
627 556
627 625
627 626
627 629
628 629
628 630
628 714
629 41
629 627
629 628
629 630
630 344
630 628
630 629
630 631
630 632
631 261
631 630
631 632
631 633
632 393
632 630
632 631
632 633
632 684
633 631
633 632
633 634
633 635
633 683
634 633
634 635
634 636
634 846
635 633
635 634
635 636
635 637
636 173
636 634
636 635
636 637
637 635
637 636
637 639
637 679
638 639
638 640
639 191
639 529
639 637
639 638
639 640
640 638
640 639
640 641
640 642
641 640
641 642
641 888
641 946
642 410
642 640
642 641
642 643
643 642
643 644
643 645
644 84
644 643
644 645
645 64
645 643
645 644
645 806
645 826
646 647
646 648
647 323
647 646
647 648
647 649
648 646
648 647
648 649
648 650
649 122
649 647
649 648
649 651
649 959
650 466
650 648
650 652
651 649
651 652
651 653
652 346
652 351
652 650
652 651
652 654
652 702
653 314
653 651
653 654
653 802
654 170
654 652
654 653
654 656
655 222
655 657
656 654
656 657
656 658
657 411
657 655
657 656
657 658
657 659
658 528
658 656
658 657
658 659
659 657
659 658
659 660
659 661
660 659
660 661
660 662
661 659
661 660
661 662
661 663
662 575
662 660
662 661
662 664
663 152
663 661
663 664
663 665
664 435
664 484
664 662
664 663
664 665
664 666
665 663
665 664
665 666
665 667
666 664
666 665
666 667
666 668
667 17
667 665
667 666
667 669
668 666
668 669
668 670
669 317
669 667
669 668
669 671
670 184
670 668
670 671
670 672
671 669
671 670
671 672
671 673
672 670
672 671
672 673
672 674
673 671
673 672
673 674
673 675
674 155
674 672
674 673
674 676
675 673
675 677
675 979
676 674
676 677
676 678
677 59
677 675
677 676
677 678
677 679
678 676
678 677
678 679
678 680
679 271
679 637
679 677
679 678
679 680
680 678
680 679
680 681
680 682
681 680
681 682
681 683
682 680
682 681
682 683
682 684
683 391
683 633
683 681
683 682
683 684
684 102
684 632
684 682
684 683
684 686
684 905
685 686
685 880
686 684
686 685
686 687
686 688
687 686
687 688
687 689
688 276
688 686
688 687
688 690
688 924
689 687
689 690
689 691
689 738
690 688
690 689
690 691
690 692
691 689
691 690
691 692
691 693
691 950
692 276
692 690
692 691
692 694
692 824
693 27
693 257
693 357
693 691
693 695
694 15
694 692
694 900
695 693
695 696
695 697
696 695
696 697
696 698
697 695
697 696
697 698
697 699
698 696
698 697
698 699
698 700
699 169
699 697
699 698
699 700
699 701
700 143
700 698
700 699
700 701
700 702
701 699
701 700
701 702
701 703
702 652
702 700
702 701
702 704
703 701
703 704
703 705
704 587
704 702
704 703
704 705
704 920
705 150
705 258
705 703
705 704
705 706
706 567
706 705
706 707
706 708
707 39
707 706
707 708
707 709
708 182
708 706
708 707
708 709
708 710
709 707
709 708
709 710
709 711
710 708
710 709
710 711
710 712
711 558
711 709
711 710
711 712
711 713
712 710
712 711
712 713
712 714
713 711
713 712
713 714
713 994
714 628
714 712
714 713
714 716
714 818
715 716
715 740
716 223
716 291
716 585
716 714
716 715
716 717
717 454
717 716
717 719
718 719
718 720
719 222
719 524
719 717
719 718
720 29
720 718
720 721
721 436
721 720
721 722
721 723
722 203
722 721
722 723
723 568
723 721
723 722
723 724
724 723
724 725
724 726
725 724
725 726
725 727
726 724
726 725
726 727
726 728
727 725
727 726
727 728
727 729
728 66
728 726
728 727
728 729
728 730
729 272
729 437
729 727
729 728
729 730
730 728
730 729
730 731
730 732
731 730
731 732
731 733
732 584
732 730
732 731
732 734
733 731
733 734
733 735
734 52
734 732
734 733
734 735
734 736
735 197
735 733
735 734
735 736
735 737
736 734
736 735
736 737
736 738
737 735
737 736
737 738
737 739
738 689
738 736
738 737
738 739
739 346
739 478
739 737
739 738
739 740
740 715
740 739
740 741
740 742
741 740
741 742
741 743
742 179
742 419
742 740
742 741
742 743
743 466
743 741
743 742
743 744
743 745
744 743
744 745
744 746
745 743
745 744
745 746
745 747
746 145
746 744
746 745
746 988
747 745
747 748
747 749
748 747
748 750
748 985
749 747
749 750
749 751
750 748
750 749
750 751
750 752
750 847
751 749
751 750
751 752
751 753
752 750
752 751
752 753
752 754
753 751
753 752
753 754
753 755
754 303
754 752
754 753
754 755
754 756
755 753
755 754
755 756
755 757
756 754
756 755
756 757
756 758
757 188
757 371
757 755
757 756
757 812
757 965
758 79
758 756
758 759
759 36
759 758
759 760
759 880
760 759
760 761
760 762
761 760
761 762
761 763
762 375
762 760
762 761
762 763
762 764
763 761
763 762
763 764
763 765
764 89
764 545
764 762
764 763
764 792
765 763
765 766
765 767
766 586
766 765
766 767
766 768
767 765
767 766
767 768
767 769
768 766
768 767
768 769
768 770
769 445
769 767
769 768
769 770
769 771
770 618
770 768
770 769
770 772
771 769
771 772
771 773
772 249
772 770
772 771
772 773
772 774
773 771
773 772
773 774
773 925
773 940
774 772
774 773
774 775
774 776
775 774
775 776
775 777
776 774
776 775
776 777
776 778
777 775
777 776
777 778
777 779
778 776
778 777
778 779
778 780
779 777
779 778
779 780
779 781
780 458
780 778
780 779
780 782
781 779
781 782
781 783
781 870
782 780
782 781
782 783
782 999
783 512
783 781
783 782
783 785
784 785
784 786
785 783
785 784
785 786
785 787
786 784
786 785
786 787
786 788
787 554
787 583
787 785
787 786
788 786
788 789
788 806
789 36
789 788
789 790
789 791
790 789
790 791
790 864
791 378
791 789
791 790
791 792
792 616
792 764
792 791
792 794
793 350
793 794
793 795
794 141
794 593
794 792
794 793
794 796
795 793
795 796
795 797
796 794
796 795
796 798
796 799
797 795
797 798
797 799
798 234
798 796
798 797
798 800
799 796
799 797
799 801
799 861
800 798
800 801
800 837
800 851
801 21
801 799
801 800
801 802
802 653
802 801
802 803
802 804
802 936
803 802
803 804
803 805
804 802
804 803
804 805
804 806
805 268
805 803
805 804
805 807
806 645
806 788
806 804
806 807
806 808
807 805
807 806
807 808
807 809
807 905
808 489
808 806
808 807
808 809
809 438
809 807
809 808
809 811
810 165
810 811
811 809
811 810
811 812
811 813
812 492
812 757
812 811
812 813
813 811
813 812
813 814
813 815
814 138
814 813
814 816
815 813
815 816
815 817
815 955
815 992
816 256
816 814
816 815
816 818
817 581
817 815
817 818
817 819
818 714
818 816
818 817
818 820
819 36
819 817
819 820
820 137
820 446
820 818
820 819
820 822
821 822
821 823
822 820
822 821
822 823
822 824
823 821
823 822
823 824
823 825
824 692
824 822
824 823
824 825
825 823
825 824
825 826
825 827
826 559
826 645
826 825
826 827
826 828
827 165
827 825
827 826
827 828
827 829
828 826
828 827
828 829
828 986
829 827
829 828
829 830
829 909
830 119
830 829
830 831
830 832
831 830
831 832
831 833
832 830
832 831
832 833
832 834
833 831
833 832
833 834
833 835
834 832
834 833
834 835
834 836
835 833
835 834
835 836
835 837
836 834
836 835
836 837
836 838
836 884
837 800
837 835
837 836
837 838
838 836
838 837
838 839
838 840
839 606
839 838
839 841
840 838
840 841
840 842
841 839
841 840
841 842
841 843
842 290
842 463
842 840
842 841
843 841
843 844
843 845
844 276
844 843
844 846
845 843
845 846
845 847
846 634
846 844
846 845
846 847
847 750
847 845
847 846
847 849
848 849
848 850
849 847
849 848
849 850
849 851
850 848
850 849
850 851
850 852
851 800
851 849
851 850
851 852
851 853
852 850
852 851
852 853
852 854
853 223
853 851
853 852
853 854
853 855
854 407
854 852
854 853
854 855
854 856
855 119
855 468
855 853
855 854
855 856
856 467
856 854
856 855
856 857
856 858
856 898
857 856
857 858
857 859
858 363
858 856
858 857
858 859
858 949
859 857
859 858
859 860
859 861
860 859
860 861
860 862
861 95
861 799
861 859
861 860
861 863
862 860
862 863
862 864
863 470
863 861
863 862
863 864
863 865
864 414
864 790
864 862
864 863
864 865
864 866
865 863
865 864
865 866
865 867
866 864
866 865
866 867
866 868
867 865
867 866
867 868
867 869
868 245
868 866
868 867
868 869
869 24
869 867
869 868
869 871
870 781
870 872
871 869
871 872
871 926
872 870
872 871
872 873
872 874
873 94
873 872
873 874
873 875
874 872
874 873
874 875
874 876
875 873
875 874
875 876
875 877
876 358
876 588
876 874
876 875
876 877
876 878
876 889
877 531
877 875
877 876
877 878
877 879
878 592
878 876
878 877
878 879
879 877
879 878
879 880
879 881
880 516
880 685
880 759
880 879
880 881
880 882
881 879
881 880
881 882
881 883
882 880
882 881
882 883
882 907
883 881
883 882
883 884
883 885
884 836
884 883
884 885
885 540
885 883
885 884
885 886
885 887
886 885
886 887
886 888
887 885
887 886
887 888
887 889
888 269
888 641
888 886
888 887
888 889
888 947
889 876
889 887
889 888
889 890
890 76
890 889
890 891
891 890
891 892
891 893
892 625
892 891
892 894
893 891
893 894
893 895
894 892
894 893
894 895
894 896
895 893
895 894
895 896
895 897
896 624
896 894
896 895
896 898
897 368
897 560
897 895
898 459
898 856
898 896
898 900
899 900
899 901
900 694
900 898
900 899
900 901
900 902
901 899
901 900
901 902
901 903
902 900
902 901
902 903
902 904
903 901
903 902
903 904
903 905
904 136
904 404
904 902
904 903
904 905
904 906
905 625
905 684
905 807
905 903
905 904
905 907
906 626
906 904
906 907
906 908
907 882
907 905
907 906
907 908
907 909
908 906
908 907
908 909
908 910
909 829
909 907
909 908
909 910
909 911
910 908
910 909
910 911
910 912
911 909
911 910
911 912
911 913
912 910
912 911
912 913
912 914
913 8
913 911
913 912
913 914
913 915
914 912
914 913
914 915
914 916
915 913
915 914
915 916
915 917
916 22
916 386
916 564
916 914
916 915
917 338
917 915
917 919
918 254
918 919
919 25
919 93
919 917
919 918
919 921
920 704
920 921
920 922
921 348
921 919
921 920
921 922
921 923
922 176
922 472
922 920
922 921
922 923
922 924
923 578
923 921
923 922
923 925
924 122
924 688
924 922
924 926
925 773
925 923
925 926
925 927
926 871
926 924
926 925
926 927
926 928
927 301
927 925
927 926
927 929
928 926
928 929
928 930
929 122
929 927
929 928
929 930
929 931
930 928
930 929
930 931
930 932
931 204
931 929
931 930
931 932
931 933
932 930
932 931
932 933
932 934
933 931
933 932
933 934
933 935
934 932
934 933
934 935
934 936
935 245
935 933
935 934
935 936
935 937
936 802
936 934
936 935
936 937
937 935
937 936
937 938
937 939
938 937
938 939
938 940
939 266
939 937
939 938
939 941
939 951
940 773
940 938
940 942
941 622
941 939
941 942
941 943
942 940
942 941
942 943
942 944
943 523
943 941
943 942
943 944
943 945
944 203
944 942
944 943
944 955
945 487
945 532
945 943
945 946
945 947
946 641
946 945
946 947
947 888
947 945
947 946
947 948
948 947
948 949
948 950
949 42
949 858
949 948
949 950
950 292
950 509
950 691
950 948
950 949
950 952
951 273
951 939
951 953
952 207
952 950
952 953
952 954
953 613
953 951
953 952
953 954
953 955
954 571
954 952
954 953
954 956
955 295
955 456
955 815
955 944
955 953
955 957
956 258
956 954
956 958
957 955
957 958
957 959
958 956
958 957
958 959
958 960
959 649
959 957
959 958
959 960
960 958
960 959
960 961
960 962
961 218
961 960
961 962
961 963
962 43
962 960
962 961
962 963
962 964
963 961
963 962
963 964
963 965
964 148
964 962
964 963
964 965
964 966
965 757
965 963
965 964
965 966
965 967
966 964
966 965
966 967
966 968
967 485
967 965
967 966
967 968
967 969
968 577
968 966
968 967
968 969
969 967
969 968
969 970
969 971
970 969
970 971
970 972
971 183
971 300
971 456
971 969
971 970
972 512
972 970
972 973
972 974
973 972
973 974
973 975
974 972
974 973
974 975
974 976
975 973
975 974
975 976
975 977
976 566
976 974
976 975
976 977
976 978
977 605
977 975
977 976
977 978
977 979
978 976
978 977
978 979
978 980
979 675
979 977
979 978
979 980
979 981
980 978
980 979
980 981
980 982
981 979
981 980
981 982
981 983
982 980
982 981
982 983
982 984
983 443
983 981
983 982
983 985
984 982
984 985
984 986
985 319
985 748
985 983
985 984
985 986
985 987
986 76
986 828
986 984
986 985
986 987
986 988
987 242
987 595
987 985
987 986
987 988
987 989
988 746
988 986
988 987
988 989
988 990
989 987
989 988
989 990
989 991
990 269
990 988
990 989
990 991
990 992
991 478
991 989
991 990
991 992
992 480
992 815
992 990
992 991
993 994
993 995
994 713
994 993
994 995
994 996
995 993
995 994
995 996
995 997
996 125
996 994
996 995
996 998
997 203
997 995
997 998
998 0
998 996
998 997
998 999
999 214
999 529
999 782
999 998
