0.0
0.01623777061929342
0.06518099547527548
0.06973129929332295
0.07296236641628531
0.11233495855405314
0.13871136918943944
0.25984617961395157
0.30138746496176677
0.3492585632201055
0.35728557517317233
0.4116041797939185
0.43181976065314065
0.4352853851721781
0.44853394954020964
0.48339366112770676
0.5717998507956923
0.5784119891568749
0.5813879395786261
0.6797576993325747
0.7581744116791921
0.7626849955758919
0.7659764384907282
0.8893523146316628
1.0581052420995876
1.1086568475694045
1.1098650736447506
1.1397604665272316
1.1486751431739097
1.1650455047281585
1.1853527210940924
1.245123617107301
1.3020624433690529
1.3035914193052223
1.312244493338021
1.3446872616319978
1.3471143685187927
1.3850449995026777
1.4534753265946565
1.463049063459092
1.486954105868651
1.5327627341087475
1.5399273117837626
1.5511895629724453
1.556142668022173
1.5588166876684784
1.5804386748675812
1.5945312589110858
1.6269620999859644
1.6572141616433393
1.6592243691274473
1.672074130115781
1.7221295512171888
1.723420383956478
1.7249594553623093
1.748332261940052
1.7560332969497479
1.7610953741758786
1.7751064051334993
1.7807116733383588
1.7933617218697084
1.8048835472165112
1.8448923820892913
1.8540105488961258
1.919575523541492
1.9658041211359922
1.9658918284672122
1.9860124079330685
2.0002180167210204
2.005076379266349
2.01621407886968
2.029191920016321
2.049942427792989
2.0673183362664322
2.0814669361007896
2.2082876107495433
2.2376328095683244
2.245550300663611
2.2707473105326517
2.270908884386239
2.287701069284178
2.3247168204563615
2.359987308375967
2.3732336119189177
2.377638171982233
2.386261294763647
2.406608097455794
2.4299886570063234
2.4545646667003007
2.5702226260613683
2.590826934486959
2.6172451524143208
2.6379832147228877
2.6527857334951164
2.6589433152612005
2.7057477800462393
2.755115326444127
2.7632949302591716
2.778593339072157
2.792512219306297
2.8162552673365977
2.830241836355003
2.8406399242961484
2.842952737003893
2.8652840233708696
2.868345546827221
2.9055250112297237
2.945672589973158
2.972341466276107
2.978581515742375
2.997378848693221
3.0772854156863927
3.117165248322351
3.1459879811136475
3.2002459490391675
3.2232740518556393
3.247604456525577
3.2642899190310573
3.265704624450945
3.2717810183986615
3.289232117945193
3.3044371327250155
3.313138773736798
3.3216315218286296
3.339627307053158
3.356606949927991
3.397567589242785
3.409850985221473
3.417556066173569
3.4295832813824174
3.4552494162826863
3.4602815331445527
3.5406398908429044
3.6131515365563174
3.6200536159535734
3.6563156306887796
3.67766472308542
3.689199909721093
3.6990921371963426
3.7330499778979926
3.740192339753248
3.7452625966277484
3.7537443692606076
3.7655891101448256
3.803133891401919
3.818239113291287
3.8253829595225293
3.8966171699204515
3.9055730345857707
3.947583043942739
3.9548299417369868
4.0939678951586345
4.096241490337747
4.104160638041513
4.145895049014554
4.181793571675786
4.200368730546192
4.214422992844396
4.23161837484736
4.250484061419844
4.25874603823454
4.329744728989308
4.342525876222233
4.353737457841574
4.3539267862859585
4.354172232562343
4.383421290685851
4.396011904064434
4.493757970245702
4.494772784973269
4.547600949090904
4.563073509982447
4.62083547635038
4.643621802531211
4.655107826293753
4.6821270729183055
4.691145976600669
4.704890441116712
4.723121774592253
4.732357113975271
4.747152507191476
4.758320436317555
4.820963053409778
4.833692294645765
4.861476479504756
4.866527092584492
4.905545332519714
4.915353766630095
4.9532418925531605
5.006517052682694
5.02482147351586
5.025770120143916
5.031407511061034
5.037832398376727
5.0600287410581455
5.06137415367048
5.0747473163793515
5.092296275641799
5.103514842972318
5.124408783561237
5.135137062811069
