900.0
900.0
900.0
899.0
899.0
899.0
899.0
899.0
899.0
899.0
899.0
899.0
899.0
899.0
899.0
898.0
898.0
897.0
897.0
897.0
896.0
896.0
896.0
895.0
895.0
895.0
895.0
895.0
895.0
894.0
894.0
894.0
893.0
893.0
893.0
892.0
891.0
890.0
889.0
889.0
889.0
889.0
889.0
889.0
889.0
888.0
887.0
887.0
887.0
887.0
886.0
886.0
885.0
884.0
884.0
883.0
882.0
881.0
881.0
881.0
881.0
881.0
880.0
880.0
879.0
878.0
878.0
878.0
878.0
878.0
878.0
877.0
876.0
876.0
876.0
876.0
875.0
875.0
875.0
875.0
875.0
875.0
874.0
874.0
873.0
873.0
873.0
872.0
872.0
872.0
872.0
871.0
870.0
870.0
870.0
869.0
869.0
869.0
869.0
869.0
869.0
868.0
867.0
866.0
865.0
864.0
864.0
864.0
864.0
863.0
863.0
863.0
863.0
863.0
863.0
862.0
862.0
862.0
861.0
861.0
860.0
859.0
859.0
859.0
859.0
858.0
857.0
857.0
856.0
855.0
854.0
854.0
854.0
854.0
854.0
854.0
854.0
854.0
853.0
852.0
852.0
852.0
852.0
852.0
852.0
852.0
851.0
851.0
851.0
850.0
850.0
849.0
848.0
848.0
848.0
847.0
846.0
846.0
845.0
845.0
844.0
843.0
843.0
842.0
841.0
841.0
840.0
839.0
839.0
839.0
839.0
838.0
837.0
836.0
836.0
836.0
835.0
835.0
835.0
835.0
834.0
833.0
832.0
832.0
831.0
831.0
831.0
831.0
831.0
831.0
831.0
831.0
831.0
830.0
830.0
830.0
829.0
828.0
828.0
828.0
828.0
