0 208
0 727
1 52
1 635
2 189
2 574
3 7
3 527
4 78
4 553
5 444
5 544
6 147
6 705
7 3
7 382
8 503
8 557
9 192
9 684
10 436
10 509
11 370
11 539
12 375
12 940
13 293
13 688
14 176
14 221
15 49
15 738
16 524
16 607
17 423
17 845
18 181
18 992
19 323
19 930
20 309
20 425
21 42
21 428
22 46
22 779
23 183
23 523
24 502
24 543
25 617
25 970
26 447
26 737
27 630
27 907
28 173
28 833
29 51
29 453
30 57
30 736
31 265
31 530
32 443
32 691
33 140
33 480
34 448
34 770
35 59
35 394
36 253
36 810
37 446
37 904
38 280
38 875
39 119
39 587
40 70
40 183
41 130
41 247
42 21
42 621
43 66
43 473
44 758
44 798
45 380
45 394
46 22
46 290
47 132
47 891
48 433
48 752
49 15
49 766
50 916
50 994
51 29
51 379
52 1
52 302
53 322
53 775
54 548
54 967
55 217
55 697
56 426
56 977
57 30
57 237
58 554
58 941
59 35
59 300
60 580
60 730
61 70
61 876
62 194
62 852
63 551
63 950
64 400
64 946
65 355
65 401
66 43
66 349
67 314
67 549
68 382
68 466
69 234
69 546
70 40
70 61
71 311
71 584
72 74
72 341
73 802
73 978
74 72
74 340
75 602
75 737
76 105
76 925
77 184
77 453
78 4
78 614
79 697
79 953
80 608
80 723
81 201
81 721
82 426
82 517
83 190
83 684
84 497
84 878
85 202
85 563
86 361
86 432
87 510
87 693
88 150
88 919
89 244
89 663
90 204
90 902
91 97
91 508
92 562
92 694
93 134
93 814
94 304
94 866
95 341
95 816
96 541
96 735
97 91
97 614
98 196
98 994
99 278
99 572
100 160
100 324
101 152
101 616
102 561
102 745
103 320
103 364
104 578
104 679
105 76
105 364
106 295
106 405
107 581
107 990
108 368
108 962
109 633
109 645
110 687
110 749
111 262
111 959
112 550
112 707
113 664
113 817
114 171
114 213
115 424
115 438
116 245
116 436
117 343
117 999
118 208
118 808
119 39
119 121
120 685
120 960
121 119
121 570
122 521
122 635
123 429
123 495
124 242
124 569
125 258
125 504
126 167
126 240
127 359
127 760
128 609
128 809
129 149
129 957
130 41
130 367
131 193
131 745
132 47
132 159
133 383
133 577
134 93
134 857
135 404
135 969
136 511
136 835
137 434
137 593
138 565
138 679
139 153
139 706
140 33
140 344
141 419
141 627
142 530
142 843
143 463
143 660
144 914
144 958
145 281
145 863
146 219
146 790
147 6
147 576
148 241
148 313
149 129
149 659
150 88
150 371
151 830
151 909
152 101
152 903
153 139
153 772
154 471
154 597
155 770
155 919
156 335
156 469
157 286
157 676
158 166
158 427
159 132
159 485
160 100
160 223
161 547
161 720
162 596
162 712
163 678
163 963
164 347
164 708
165 299
165 908
166 158
166 533
167 126
167 854
168 454
168 506
169 862
169 896
170 522
170 835
171 114
171 938
172 718
172 720
173 28
173 507
174 540
174 894
175 182
175 284
176 14
176 261
177 646
177 796
178 231
178 753
179 589
179 832
180 733
180 760
181 18
181 891
182 175
182 281
183 23
183 40
184 77
184 560
185 358
185 840
186 413
186 983
187 761
187 975
188 709
188 973
189 2
189 555
190 83
190 722
191 475
191 769
192 9
192 328
193 131
193 867
194 62
194 988
195 399
195 625
196 98
196 759
197 970
197 995
198 703
198 782
199 561
199 801
200 298
200 462
201 81
201 881
202 85
202 712
203 233
203 643
204 90
204 792
205 570
205 965
206 772
206 971
207 479
207 673
208 0
208 118
209 245
209 940
210 352
210 670
211 450
211 623
212 355
212 846
213 114
213 805
214 591
214 928
215 423
215 646
216 260
216 747
217 55
217 841
218 300
218 370
219 146
219 746
220 417
220 487
221 14
221 310
222 410
222 585
223 160
223 517
224 257
224 794
225 404
225 774
226 319
226 496
227 520
227 831
228 669
228 755
229 652
229 881
230 416
230 951
231 178
231 748
232 523
232 906
233 203
233 531
234 69
234 291
235 546
235 931
236 321
236 395
237 57
237 872
238 354
238 641
239 251
239 631
240 126
240 272
241 148
241 478
242 124
242 767
243 409
243 421
244 89
244 766
245 116
245 209
246 284
246 609
247 41
247 801
248 393
248 454
249 294
249 339
250 440
250 975
251 239
251 500
252 771
252 899
253 36
253 728
254 947
254 952
255 516
255 747
256 750
256 931
257 224
257 784
258 125
258 392
259 326
259 761
260 216
260 333
261 176
261 412
262 111
262 339
263 559
263 789
264 787
264 964
265 31
265 348
266 271
266 682
267 521
267 783
268 644
268 888
269 892
269 929
270 811
270 829
271 266
271 473
272 240
272 405
273 437
273 726
274 501
274 534
275 514
275 927
276 729
276 924
277 528
277 980
278 99
278 682
279 806
279 815
280 38
280 483
281 145
281 182
282 714
282 949
283 381
283 984
284 175
284 246
285 346
285 822
286 157
286 502
287 605
287 752
288 647
288 726
289 401
289 972
290 46
290 778
291 234
291 871
292 567
292 776
293 13
293 317
294 249
294 442
295 106
295 900
296 618
296 751
297 430
297 845
298 200
298 552
299 165
299 573
300 59
300 218
301 525
301 963
302 52
302 807
303 600
303 690
304 94
304 375
305 430
305 640
306 516
306 905
307 431
307 928
308 573
308 592
309 20
309 812
310 221
310 997
311 71
311 359
312 623
312 856
313 148
313 913
314 67
314 358
315 853
315 900
316 471
316 805
317 293
317 955
318 397
318 925
319 226
319 973
320 103
320 393
321 236
321 571
322 53
322 579
323 19
323 535
324 100
324 812
325 604
325 974
326 259
326 510
327 653
327 865
328 192
328 857
329 388
329 624
330 334
330 356
331 785
331 948
332 628
332 824
333 260
333 650
334 330
334 820
335 156
335 736
336 817
336 911
337 933
337 951
338 577
338 914
339 249
339 262
340 74
340 958
341 72
341 95
342 606
342 643
343 117
343 822
344 140
344 788
345 629
345 634
346 285
346 418
347 164
347 416
348 265
348 661
349 66
349 461
350 884
350 978
351 653
351 827
352 210
352 892
353 650
353 797
354 238
354 894
355 65
355 212
356 330
356 987
357 641
357 754
358 185
358 314
359 127
359 311
360 467
360 909
361 86
361 932
362 792
362 815
363 493
363 895
364 103
364 105
365 665
365 791
366 391
366 671
367 130
367 491
368 108
368 667
369 622
369 738
370 11
370 218
371 150
371 407
372 419
372 660
373 604
373 911
374 515
374 898
375 12
375 304
376 843
376 910
377 479
377 671
378 490
378 893
379 51
379 627
380 45
380 621
381 283
381 996
382 7
382 68
383 133
383 902
384 639
384 728
385 446
385 474
386 387
386 626
387 386
387 420
388 329
388 715
389 674
389 786
390 716
390 804
391 366
391 838
392 258
392 707
393 248
393 320
394 35
394 45
395 236
395 852
396 793
396 838
397 318
397 598
398 488
398 804
399 195
399 421
400 64
400 821
401 65
401 289
402 594
402 782
403 428
403 451
404 135
404 225
405 106
405 272
406 441
406 785
407 371
407 631
408 564
408 985
409 243
409 571
410 222
410 989
411 875
411 977
412 261
412 509
413 186
413 808
414 450
414 880
415 688
415 953
416 230
416 347
417 220
417 865
418 346
418 837
419 141
419 372
420 387
420 664
421 243
421 399
422 457
422 578
423 17
423 215
424 115
424 518
425 20
425 439
426 56
426 82
427 158
427 490
428 21
428 403
429 123
429 713
430 297
430 305
431 307
431 582
432 86
432 870
433 48
433 830
434 137
434 437
435 689
435 767
436 10
436 116
437 273
437 434
438 115
438 730
439 425
439 848
440 250
440 868
441 406
441 897
442 294
442 784
443 32
443 538
444 5
444 943
445 556
445 884
446 37
446 385
447 26
447 803
448 34
448 538
449 630
449 754
450 211
450 414
451 403
451 615
452 527
452 763
453 29
453 77
454 168
454 248
455 514
455 748
456 819
456 839
457 422
457 826
458 765
458 837
459 657
459 882
460 672
460 901
461 349
461 588
462 200
462 568
463 143
463 935
464 869
464 936
465 567
465 654
466 68
466 551
467 360
467 777
468 713
468 945
469 156
469 710
470 696
470 885
471 154
471 316
472 511
472 512
473 43
473 271
474 385
474 719
475 191
475 689
476 590
476 750
477 594
477 950
478 241
478 829
479 207
479 377
480 33
480 483
481 622
481 743
482 569
482 755
483 280
483 480
484 858
484 988
485 159
485 939
486 519
486 651
487 220
487 915
488 398
488 518
489 539
489 991
490 378
490 427
491 367
491 563
492 572
492 984
493 363
493 927
494 565
494 704
495 123
495 555
496 226
496 657
497 84
497 976
498 674
498 995
499 524
499 842
500 251
500 872
501 274
501 619
502 24
502 286
503 8
503 601
504 125
504 945
505 710
505 866
506 168
506 859
507 173
507 972
508 91
508 842
509 10
509 412
510 87
510 326
511 136
511 472
512 472
512 678
513 529
513 687
514 275
514 455
515 374
515 957
516 255
516 306
517 82
517 223
518 424
518 488
519 486
519 991
520 227
520 981
521 122
521 267
522 170
522 526
523 23
523 232
524 16
524 499
525 301
525 860
526 522
526 681
527 3
527 452
528 277
528 721
529 513
529 532
530 31
530 142
531 233
531 868
532 529
532 796
533 166
533 633
534 274
534 742
535 323
535 611
536 638
536 711
537 648
537 941
538 443
538 448
539 11
539 489
540 174
540 918
541 96
541 550
542 699
542 764
543 24
543 901
544 5
544 725
545 847
545 985
546 69
546 235
547 161
547 699
548 54
548 773
549 67
549 873
550 112
550 541
551 63
551 466
552 298
552 986
553 4
553 583
554 58
554 666
555 189
555 495
556 445
556 649
557 8
557 834
558 596
558 763
559 263
559 634
560 184
560 942
561 102
561 199
562 92
562 918
563 85
563 491
564 408
564 922
565 138
565 494
566 740
566 756
567 292
567 465
568 462
568 935
569 124
569 482
570 121
570 205
571 321
571 409
572 99
572 492
573 299
573 308
574 2
574 586
575 642
575 649
576 147
576 724
577 133
577 338
578 104
578 422
579 322
579 934
580 60
580 956
581 107
581 655
582 431
582 588
583 553
583 883
584 71
584 813
585 222
585 861
586 574
586 677
587 39
587 993
588 461
588 582
589 179
589 939
590 476
590 897
591 214
591 989
592 308
592 803
593 137
593 665
594 402
594 477
595 844
595 974
596 162
596 558
597 154
597 717
598 397
598 732
599 608
599 810
600 303
600 616
601 503
601 878
602 75
602 800
603 637
603 848
604 325
604 373
605 287
605 952
606 342
606 787
607 16
607 864
608 80
608 599
609 128
609 246
610 663
610 883
611 535
611 731
612 698
612 885
613 686
613 696
614 78
614 97
615 451
615 749
616 101
616 600
617 25
617 907
618 296
618 744
619 501
619 620
620 619
620 762
621 42
621 380
622 369
622 481
623 211
623 312
624 329
624 683
625 195
625 669
626 386
626 705
627 141
627 379
628 332
628 853
629 345
629 966
630 27
630 449
631 239
631 407
632 959
632 961
633 109
633 533
634 345
634 559
635 1
635 122
636 841
636 954
637 603
637 923
638 536
638 759
639 384
639 813
640 305
640 658
641 238
641 357
642 575
642 700
643 203
643 342
644 268
644 722
645 109
645 912
646 177
646 215
647 288
647 886
648 537
648 739
649 556
649 575
650 333
650 353
651 486
651 655
652 229
652 849
653 327
653 351
654 465
654 854
655 581
655 651
656 734
656 753
657 459
657 496
658 640
658 758
659 149
659 986
660 143
660 372
661 348
661 746
662 879
662 908
663 89
663 610
664 113
664 420
665 365
665 593
666 554
666 734
667 368
667 924
668 887
668 944
669 228
669 625
670 210
670 823
671 366
671 377
672 460
672 777
673 207
673 739
674 389
674 498
675 717
675 844
676 157
676 998
677 586
677 895
678 163
678 512
679 104
679 138
680 862
680 879
681 526
681 757
682 266
682 278
683 624
683 731
684 9
684 83
685 120
685 997
686 613
686 807
687 110
687 513
688 13
688 415
689 435
689 475
690 303
690 992
691 32
691 825
692 786
692 869
693 87
693 851
694 92
694 946
695 860
695 893
696 470
696 613
697 55
697 79
698 612
698 768
699 542
699 547
700 642
700 936
701 727
701 757
702 917
702 969
703 198
703 855
704 494
704 716
705 6
705 626
706 139
706 814
707 112
707 392
708 164
708 870
709 188
709 889
710 469
710 505
711 536
711 816
712 162
712 202
713 429
713 468
714 282
714 780
715 388
715 724
716 390
716 704
717 597
717 675
718 172
718 965
719 474
719 923
720 161
720 172
721 81
721 528
722 190
722 644
723 80
723 874
724 576
724 715
725 544
725 839
726 273
726 288
727 0
727 701
728 253
728 384
729 276
729 968
730 60
730 438
731 611
731 683
732 598
732 926
733 180
733 751
734 656
734 666
735 96
735 915
736 30
736 335
737 26
737 75
738 15
738 369
739 648
739 673
740 566
740 987
741 964
741 968
742 534
742 798
743 481
743 849
744 618
744 888
745 102
745 131
746 219
746 661
747 216
747 255
748 231
748 455
749 110
749 615
750 256
750 476
751 296
751 733
752 48
752 287
753 178
753 656
754 357
754 449
755 228
755 482
756 566
756 996
757 681
757 701
758 44
758 658
759 196
759 638
760 127
760 180
761 187
761 259
762 620
762 874
763 452
763 558
764 542
764 818
765 458
765 954
766 49
766 244
767 242
767 435
768 698
768 781
769 191
769 850
770 34
770 155
771 252
771 788
772 153
772 206
773 548
773 789
774 225
774 913
775 53
775 825
776 292
776 960
777 467
777 672
778 290
778 877
779 22
779 828
780 714
780 899
781 768
781 949
782 198
782 402
783 267
783 859
784 257
784 442
785 331
785 406
786 389
786 692
787 264
787 606
788 344
788 771
789 263
789 773
790 146
790 819
791 365
791 836
792 204
792 362
793 396
793 802
794 224
794 806
795 846
795 921
796 177
796 532
797 353
797 855
798 44
798 742
799 809
799 840
800 602
800 858
801 199
801 247
802 73
802 793
803 447
803 592
804 390
804 398
805 213
805 316
806 279
806 794
807 302
807 686
808 118
808 413
809 128
809 799
810 36
810 599
811 270
811 823
812 309
812 324
813 584
813 639
814 93
814 706
815 279
815 362
816 95
816 711
817 113
817 336
818 764
818 937
819 456
819 790
820 334
820 882
821 400
821 982
822 285
822 343
823 670
823 811
824 332
824 961
825 691
825 775
826 457
826 926
827 351
827 887
828 779
828 867
829 270
829 478
830 151
830 433
831 227
831 912
832 179
832 890
833 28
833 873
834 557
834 937
835 136
835 170
836 791
836 917
837 418
837 458
838 391
838 396
839 456
839 725
840 185
840 799
841 217
841 636
842 499
842 508
843 142
843 376
844 595
844 675
845 17
845 297
846 212
846 795
847 545
847 896
848 439
848 603
849 652
849 743
850 769
850 876
851 693
851 934
852 62
852 395
853 315
853 628
854 167
854 654
855 703
855 797
856 312
856 998
857 134
857 328
858 484
858 800
859 506
859 783
860 525
860 695
861 585
861 920
862 169
862 680
863 145
863 932
864 607
864 921
865 327
865 417
866 94
866 505
867 193
867 828
868 440
868 531
869 464
869 692
870 432
870 708
871 291
871 910
872 237
872 500
873 549
873 833
874 723
874 762
875 38
875 411
876 61
876 850
877 778
877 980
878 84
878 601
879 662
879 680
880 414
880 962
881 201
881 229
882 459
882 820
883 583
883 610
884 350
884 445
885 470
885 612
886 647
886 920
887 668
887 827
888 268
888 744
889 709
889 979
890 832
890 955
891 47
891 181
892 269
892 352
893 378
893 695
894 174
894 354
895 363
895 677
896 169
896 847
897 441
897 590
898 374
898 948
899 252
899 780
900 295
900 315
901 460
901 543
902 90
902 383
903 152
903 976
904 37
904 971
905 306
905 922
906 232
906 979
907 27
907 617
908 165
908 662
909 151
909 360
910 376
910 871
911 336
911 373
912 645
912 831
913 313
913 774
914 144
914 338
915 487
915 735
916 50
916 942
917 702
917 836
918 540
918 562
919 88
919 155
920 861
920 886
921 795
921 864
922 564
922 905
923 637
923 719
924 276
924 667
925 76
925 318
926 732
926 826
927 275
927 493
928 214
928 307
929 269
929 982
930 19
930 944
931 235
931 256
932 361
932 863
933 337
933 981
934 579
934 851
935 463
935 568
936 464
936 700
937 818
937 834
938 171
938 967
939 485
939 589
940 12
940 209
941 58
941 537
942 560
942 916
943 444
943 999
944 668
944 930
945 468
945 504
946 64
946 694
947 254
947 983
948 331
948 898
949 282
949 781
950 63
950 477
951 230
951 337
952 254
952 605
953 79
953 415
954 636
954 765
955 317
955 890
956 580
956 993
957 129
957 515
958 144
958 340
959 111
959 632
960 120
960 776
961 632
961 824
962 108
962 880
963 163
963 301
964 264
964 741
965 205
965 718
966 629
966 990
967 54
967 938
968 729
968 741
969 135
969 702
970 25
970 197
971 206
971 904
972 289
972 507
973 188
973 319
974 325
974 595
975 187
975 250
976 497
976 903
977 56
977 411
978 73
978 350
979 889
979 906
980 277
980 877
981 520
981 933
982 821
982 929
983 186
983 947
984 283
984 492
985 408
985 545
986 552
986 659
987 356
987 740
988 194
988 484
989 410
989 591
990 107
990 966
991 489
991 519
992 18
992 690
993 587
993 956
994 50
994 98
995 197
995 498
996 381
996 756
997 310
997 685
998 676
998 856
999 117
999 943
