0 4
0 5
0 7
0 8
0 11
0 14
0 16
0 17
0 20
0 26
0 37
0 43
0 49
0 50
0 51
0 73
0 86
0 92
0 125
0 142
0 147
0 150
0 170
0 171
0 183
0 191
0 195
0 202
0 228
0 234
0 242
0 245
0 246
0 283
0 293
0 325
0 343
0 346
0 366
0 378
0 386
0 452
0 485
0 488
0 594
0 611
0 662
0 704
0 713
0 805
0 861
0 898
0 921
0 932
0 964
1 4
1 5
1 6
1 8
1 9
1 17
1 25
1 27
1 29
1 34
1 37
1 43
1 66
1 72
1 77
1 109
1 121
1 122
1 127
1 135
1 137
1 167
1 213
1 233
1 266
1 297
1 314
1 316
1 337
1 338
1 340
1 347
1 372
1 374
1 397
1 439
1 470
1 485
1 500
1 508
1 564
1 574
1 580
1 582
1 608
1 616
1 623
1 628
1 672
1 677
1 694
1 709
1 733
1 768
1 792
1 801
1 816
1 832
1 856
1 887
1 899
1 921
1 969
1 993
2 4
2 5
2 6
2 7
2 8
2 9
2 10
2 22
2 28
2 32
2 41
2 42
2 53
2 62
2 63
2 64
2 91
2 125
2 127
2 134
2 136
2 202
2 228
2 232
2 248
2 261
2 262
2 308
2 345
2 412
2 423
2 488
2 497
2 507
2 514
2 518
2 534
2 560
2 598
2 610
2 634
2 671
2 734
2 780
2 800
2 888
2 988
2 990
3 4
3 11
3 21
3 411
3 565
3 776
4 0
4 1
4 2
4 3
4 5
4 6
4 7
4 8
4 11
4 13
4 16
4 17
4 18
4 19
4 23
4 24
4 27
4 29
4 33
4 36
4 39
4 40
4 42
4 43
4 44
4 47
4 49
4 50
4 51
4 52
4 61
4 63
4 65
4 67
4 71
4 72
4 76
4 80
4 83
4 87
4 90
4 93
4 94
4 106
4 108
4 111
4 115
4 123
4 133
4 143
4 146
4 148
4 151
4 153
4 155
4 173
4 175
4 179
4 190
4 191
4 196
4 201
4 213
4 214
4 215
4 217
4 223
4 226
4 227
4 230
4 235
4 241
4 267
4 272
4 291
4 295
4 296
4 311
4 319
4 330
4 349
4 351
4 353
4 369
4 374
4 379
4 381
4 395
4 419
4 436
4 441
4 451
4 461
4 467
4 498
4 512
4 519
4 535
4 542
4 560
4 576
4 585
4 589
4 604
4 624
4 625
4 626
4 633
4 636
4 638
4 653
4 667
4 671
4 672
4 684
4 695
4 697
4 698
4 702
4 746
4 751
4 764
4 807
4 835
4 842
4 858
4 868
4 870
4 876
4 896
4 925
4 926
4 976
4 982
4 989
5 0
5 1
5 2
5 4
5 6
5 7
5 9
5 10
5 12
5 13
5 15
5 16
5 18
5 19
5 20
5 25
5 26
5 30
5 34
5 38
5 52
5 62
5 65
5 78
5 79
5 82
5 91
5 92
5 98
5 103
5 109
5 111
5 126
5 133
5 142
5 148
5 151
5 170
5 171
5 174
5 176
5 177
5 183
5 197
5 201
5 203
5 204
5 207
5 212
5 222
5 231
5 249
5 251
5 268
5 276
5 286
5 334
5 342
5 347
5 350
5 356
5 361
5 366
5 379
5 386
5 391
5 403
5 411
5 413
5 418
5 419
5 423
5 430
5 431
5 432
5 445
5 472
5 495
5 520
5 539
5 572
5 576
5 579
5 586
5 615
5 639
5 648
5 716
5 730
5 739
5 779
5 811
5 867
5 912
5 919
5 957
5 958
5 964
6 1
6 2
6 4
6 5
6 17
6 28
6 44
6 52
6 59
6 76
6 89
6 144
6 182
6 187
6 191
6 207
6 240
6 246
6 261
6 273
6 299
6 305
6 315
6 323
6 329
6 398
6 414
6 426
6 579
6 585
6 590
6 672
6 763
6 775
6 803
6 812
6 825
6 843
6 869
6 894
6 966
7 0
7 2
7 4
7 5
7 10
7 12
7 13
7 14
7 21
7 22
7 24
7 28
7 44
7 56
7 58
7 66
7 69
7 75
7 81
7 84
7 96
7 104
7 106
7 190
7 213
7 218
7 219
7 230
7 248
7 262
7 314
7 317
7 389
7 409
7 472
7 473
7 544
7 549
7 567
7 587
7 629
7 633
7 645
7 736
7 751
7 793
7 858
7 900
8 0
8 1
8 2
8 4
8 9
8 10
8 11
8 12
8 14
8 24
8 26
8 28
8 29
8 32
8 33
8 36
8 39
8 47
8 49
8 55
8 56
8 61
8 65
8 66
8 68
8 69
8 70
8 74
8 90
8 99
8 100
8 105
8 107
8 116
8 117
8 137
8 138
8 160
8 163
8 173
8 201
8 216
8 221
8 249
8 273
8 280
8 295
8 304
8 312
8 320
8 327
8 343
8 349
8 396
8 399
8 400
8 424
8 443
8 452
8 458
8 462
8 465
8 477
8 501
8 508
8 570
8 583
8 593
8 596
8 601
8 614
8 625
8 654
8 673
8 713
8 772
8 773
8 846
8 892
8 912
8 980
8 982
8 988
9 1
9 2
9 5
9 8
9 12
9 15
9 40
9 52
9 53
9 55
9 59
9 66
9 83
9 95
9 100
9 112
9 135
9 138
9 141
9 155
9 161
9 175
9 186
9 189
9 271
9 279
9 281
9 284
9 291
9 352
9 356
9 409
9 416
9 417
9 449
9 463
9 486
9 558
9 594
9 620
9 651
9 695
9 727
9 729
9 747
9 866
9 872
9 898
9 937
10 2
10 5
10 7
10 8
10 14
10 15
10 18
10 20
10 23
10 27
10 33
10 35
10 39
10 44
10 45
10 46
10 47
10 54
10 55
10 60
10 62
10 75
10 84
10 86
10 89
10 94
10 98
10 110
10 112
10 120
10 126
10 127
10 139
10 146
10 148
10 165
10 170
10 179
10 184
10 202
10 219
10 220
10 255
10 287
10 297
10 301
10 306
10 325
10 339
10 340
10 347
10 352
10 355
10 362
10 365
10 366
10 389
10 396
10 402
10 425
10 445
10 475
10 487
10 489
10 530
10 533
10 535
10 552
10 553
10 561
10 580
10 620
10 649
10 650
10 651
10 667
10 678
10 679
10 682
10 694
10 698
10 704
10 712
10 713
10 741
10 755
10 768
10 769
10 772
10 778
10 801
10 813
10 841
10 873
10 890
10 900
10 902
10 920
10 927
10 948
10 949
10 958
10 972
11 0
11 3
11 4
11 8
11 13
11 15
11 18
11 25
11 26
11 31
11 35
11 64
11 74
11 77
11 80
11 128
11 156
11 158
11 214
11 371
11 422
11 456
11 478
11 607
11 740
11 808
11 823
11 830
11 924
11 967
12 5
12 7
12 8
12 9
12 35
12 48
12 57
12 98
12 142
12 145
12 172
12 197
12 249
12 265
12 428
12 517
12 532
12 543
12 545
12 597
12 634
12 782
12 799
12 823
12 829
12 973
13 4
13 5
13 7
13 11
13 19
13 20
13 22
13 25
13 30
13 54
13 91
13 98
13 120
13 126
13 130
13 166
13 167
13 181
13 186
13 222
13 232
13 242
13 250
13 260
13 263
13 275
13 281
13 300
13 306
13 310
13 318
13 340
13 342
13 352
13 354
13 391
13 430
13 440
13 461
13 470
13 510
13 515
13 566
13 591
13 597
13 603
13 630
13 684
13 791
13 806
13 808
13 822
13 845
13 874
13 902
13 917
13 989
14 0
14 7
14 8
14 10
14 16
14 21
14 23
14 30
14 31
14 32
14 33
14 37
14 38
14 46
14 53
14 58
14 76
14 80
14 88
14 97
14 114
14 117
14 197
14 206
14 212
14 236
14 249
14 252
14 322
14 323
14 324
14 350
14 354
14 434
14 446
14 453
14 463
14 475
14 509
14 525
14 547
14 569
14 586
14 646
14 711
14 757
14 809
14 818
14 884
14 918
14 933
14 955
14 995
15 5
15 9
15 10
15 11
15 41
15 48
15 57
15 62
15 86
15 112
15 132
15 169
15 239
15 285
15 370
15 442
15 515
15 568
15 618
15 681
15 688
15 698
15 713
15 784
15 793
15 807
15 847
15 848
15 878
16 0
16 4
16 5
16 14
16 19
16 23
16 29
16 35
16 40
16 45
16 51
16 58
16 60
16 67
16 68
16 73
16 107
16 120
16 130
16 137
16 146
16 147
16 165
16 176
16 187
16 189
16 254
16 320
16 359
16 381
16 499
16 509
16 524
16 555
16 557
16 819
16 842
16 855
16 985
17 0
17 1
17 4
17 6
17 30
17 45
17 68
17 70
17 76
17 118
17 180
17 182
17 204
17 211
17 235
17 307
17 321
17 331
17 359
17 482
17 623
18 4
18 5
18 10
18 11
18 21
18 31
18 36
18 38
18 63
18 64
18 71
18 82
18 85
18 97
18 135
18 167
18 171
18 235
18 289
18 294
18 303
18 323
18 360
18 405
18 422
18 431
18 442
18 465
18 659
18 693
18 804
18 821
18 885
18 940
18 947
18 950
18 979
19 4
19 5
19 13
19 16
19 165
19 177
19 186
19 313
19 415
19 514
19 588
19 788
19 886
20 0
20 5
20 10
20 13
20 22
20 31
20 36
20 48
20 54
20 101
20 155
20 211
20 224
20 258
20 274
20 279
20 330
20 370
20 376
20 424
20 450
20 486
20 597
20 642
20 647
20 670
20 717
20 874
20 877
21 3
21 7
21 14
21 18
21 170
21 279
21 382
21 481
21 528
21 601
21 662
21 740
21 845
22 2
22 7
22 13
22 20
22 32
22 38
22 41
22 55
22 106
22 141
22 264
22 322
22 404
22 422
22 459
22 460
22 513
22 578
22 579
22 590
22 714
22 743
22 908
22 956
23 4
23 10
23 14
23 16
23 24
23 43
23 50
23 74
23 77
23 81
23 115
23 145
23 150
23 176
23 194
23 218
23 246
23 259
23 277
23 282
23 288
23 322
23 477
23 701
23 734
23 828
24 4
24 7
24 8
24 23
24 27
24 41
24 50
24 61
24 78
24 82
24 164
24 237
24 339
24 368
24 379
24 392
24 401
24 403
24 410
24 467
24 502
24 649
24 710
24 745
24 866
24 944
24 952
24 989
25 1
25 5
25 11
25 13
25 87
25 254
25 412
25 435
25 444
25 511
25 643
25 948
26 0
26 5
26 8
26 11
26 40
26 42
26 56
26 58
26 75
26 85
26 97
26 108
26 117
26 121
26 152
26 154
26 157
26 168
26 185
26 241
26 286
26 291
26 326
26 336
26 474
26 490
26 505
26 523
26 533
26 556
26 562
26 616
26 617
26 705
26 754
26 823
26 829
26 909
26 916
27 1
27 4
27 10
27 24
27 70
27 88
27 95
27 147
27 179
27 216
27 228
27 282
27 315
27 383
27 616
27 649
27 785
27 788
27 857
27 871
28 2
28 6
28 7
28 8
28 37
28 73
28 75
28 81
28 84
28 140
28 151
28 220
28 222
28 324
28 384
28 435
28 490
28 542
28 665
28 752
28 807
28 893
28 960
29 1
29 4
29 8
29 16
29 39
29 42
29 46
29 57
29 72
29 86
29 138
29 173
29 187
29 198
29 200
29 240
29 283
29 289
29 298
29 328
29 354
29 407
29 420
29 445
29 466
29 472
29 506
29 512
29 574
29 619
29 684
29 705
29 769
29 799
29 803
29 833
29 849
29 901
29 923
29 940
29 955
30 5
30 13
30 14
30 17
30 34
30 53
30 114
30 172
30 243
30 332
30 334
30 469
30 504
30 542
30 658
30 773
30 863
30 980
31 11
31 14
31 18
31 20
31 48
31 51
31 83
31 88
31 183
31 206
31 214
31 522
31 525
31 534
31 573
32 2
32 8
32 14
32 22
32 45
32 71
32 72
32 266
32 325
32 357
32 358
32 657
32 769
33 4
33 8
33 10
33 14
33 34
33 70
33 78
33 85
33 105
33 119
33 134
33 163
33 164
33 178
33 196
33 199
33 206
33 215
33 260
33 316
33 332
33 345
33 419
33 436
33 452
33 479
33 581
33 602
33 607
33 629
33 644
33 658
33 750
33 787
33 891
33 921
33 927
34 1
34 5
34 30
34 33
34 54
34 67
34 85
34 88
34 95
34 102
34 124
34 161
34 360
34 413
34 580
34 607
34 843
35 10
35 11
35 12
35 16
35 96
35 118
35 204
35 255
35 261
35 404
35 433
35 441
35 446
35 471
35 514
35 556
35 660
35 691
35 706
35 755
35 792
35 806
35 992
36 4
36 8
36 18
36 20
36 69
36 247
36 405
36 464
36 548
36 872
37 0
37 1
37 14
37 28
37 90
37 237
37 518
37 520
38 5
38 14
38 18
38 22
38 101
38 138
38 160
38 313
39 4
39 8
39 10
39 29
39 56
39 99
39 104
39 109
39 134
39 142
39 143
39 172
39 186
39 200
39 259
39 291
39 293
39 373
39 389
39 532
39 538
39 627
39 635
39 762
40 4
40 9
40 16
40 26
40 46
40 93
40 102
40 103
40 107
40 117
40 121
40 122
40 126
40 140
40 141
40 245
40 250
40 277
40 375
40 388
40 411
40 462
40 501
40 541
40 606
40 622
40 672
40 681
40 735
40 741
40 919
40 990
41 2
41 15
41 22
41 24
41 83
41 96
41 107
41 153
41 155
41 157
41 169
41 301
41 362
41 460
41 526
41 531
41 586
41 671
41 673
41 676
41 683
41 782
41 873
41 949
42 2
42 4
42 26
42 29
42 223
42 268
42 379
42 715
42 986
43 0
43 1
43 4
43 23
43 104
43 112
43 124
43 164
43 744
43 884
43 889
43 925
43 927
44 4
44 6
44 7
44 10
44 47
44 467
44 866
45 10
45 16
45 17
45 32
45 49
45 73
45 79
45 94
45 139
45 240
45 252
45 311
45 503
45 571
45 588
45 738
45 955
46 10
46 14
46 29
46 40
46 84
46 100
46 108
46 140
46 160
46 250
46 257
46 421
46 461
46 474
46 478
46 592
46 644
46 706
46 735
46 762
46 865
46 910
46 913
46 974
47 4
47 8
47 10
47 44
47 74
47 95
47 102
47 124
47 133
47 165
47 195
47 204
47 254
47 268
47 372
47 399
47 421
47 456
47 693
47 780
47 785
47 822
47 994
48 12
48 15
48 20
48 31
48 68
48 79
48 219
48 305
48 339
48 521
48 602
48 976
49 0
49 4
49 8
49 45
49 59
49 91
49 194
49 265
49 269
49 278
49 309
49 395
49 435
49 490
49 602
49 621
49 666
49 669
49 714
49 724
49 756
49 766
49 818
49 916
49 962
50 0
50 4
50 23
50 24
50 59
50 71
50 94
50 163
50 243
50 457
50 471
50 488
50 662
50 987
51 0
51 4
51 16
51 31
51 104
51 145
51 184
51 312
51 433
51 455
51 693
51 760
52 4
52 5
52 6
52 9
52 57
52 60
52 81
52 119
52 212
52 214
52 225
52 253
52 254
52 265
52 269
52 359
52 362
52 393
52 443
52 478
52 487
52 504
52 513
52 522
52 538
52 628
52 689
52 732
52 773
52 811
52 843
52 895
53 2
53 9
53 14
53 30
53 63
53 64
53 78
53 87
53 127
53 141
53 159
53 257
53 264
53 285
53 296
53 406
53 429
53 437
53 516
53 577
53 828
53 869
53 962
53 996
54 10
54 13
54 20
54 34
54 93
54 116
54 162
54 189
54 320
54 351
54 367
54 380
54 394
54 439
54 473
54 567
54 628
54 663
54 676
54 693
54 710
54 759
54 804
54 838
54 865
54 880
54 991
55 8
55 9
55 10
55 22
55 89
55 105
55 116
55 149
55 247
55 511
55 577
55 612
55 652
55 746
55 747
55 957
56 7
56 8
56 26
56 39
56 311
56 430
56 750
57 12
57 15
57 29
57 52
57 60
57 146
57 185
57 213
57 387
57 390
57 413
57 475
57 498
57 627
57 657
57 688
57 851
58 7
58 14
58 16
58 26
58 205
58 281
58 356
58 365
58 380
58 418
58 450
58 611
58 748
58 825
58 935
59 6
59 9
59 49
59 50
59 82
59 103
59 105
59 115
59 118
59 136
59 167
59 271
59 276
59 320
59 354
59 455
59 585
59 587
59 876
59 947
60 10
60 16
60 52
60 57
60 61
60 67
60 77
60 79
60 137
60 193
60 194
60 205
60 234
60 373
60 426
60 453
60 527
60 576
60 808
60 828
61 4
61 8
61 24
61 60
61 120
61 121
61 357
61 358
61 516
61 618
61 665
61 667
61 777
61 915
62 2
62 5
62 10
62 15
62 65
62 92
62 102
62 132
62 156
62 251
62 266
62 272
62 300
62 307
62 312
62 336
62 418
62 496
62 661
62 963
62 981
62 997
63 2
63 4
63 18
63 53
63 89
63 152
63 153
63 163
63 180
63 183
63 231
63 309
63 497
63 536
63 579
63 784
63 873
64 2
64 11
64 18
64 53
64 101
64 125
64 132
64 242
64 257
64 583
64 720
64 722
64 750
64 752
64 763
64 849
64 885
64 897
64 930
64 946
65 4
65 5
65 8
65 62
65 99
65 153
65 321
65 328
65 349
65 360
65 414
65 444
65 490
65 524
65 530
65 634
65 740
65 992
66 1
66 7
66 8
66 9
66 113
66 123
66 149
66 159
66 162
66 227
66 292
66 300
66 326
66 376
66 388
66 440
66 510
66 541
66 653
66 674
66 782
66 796
66 805
66 832
66 853
66 872
66 944
66 994
67 4
67 16
67 34
67 60
67 80
67 90
67 96
67 101
67 238
67 274
67 308
67 494
67 600
67 781
67 797
67 870
67 892
67 952
67 983
68 8
68 16
68 17
68 48
68 69
68 103
68 116
68 143
68 210
68 284
68 400
68 502
68 563
68 631
68 665
68 840
69 7
69 8
69 36
69 68
69 432
69 959
70 8
70 17
70 27
70 33
71 4
71 18
71 32
71 50
71 97
71 114
71 124
71 151
71 306
71 595
71 721
71 759
72 1
72 4
72 29
72 32
72 106
72 198
72 232
72 284
72 294
72 298
72 747
73 0
73 16
73 28
73 45
73 375
73 386
73 464
73 476
73 825
74 8
74 11
74 23
74 47
74 110
74 162
74 361
74 571
74 786
75 7
75 10
75 26
75 28
75 157
75 182
75 283
75 289
75 358
75 381
75 390
75 493
75 819
75 831
76 4
76 6
76 14
76 17
76 156
76 159
76 192
76 303
76 495
76 504
76 600
76 632
76 683
76 732
76 890
77 1
77 11
77 23
77 60
77 93
77 130
77 188
77 304
77 506
77 723
77 733
77 979
78 5
78 24
78 33
78 53
78 144
78 168
78 174
78 178
78 234
78 236
78 237
78 274
78 319
78 701
78 766
78 855
78 888
79 5
79 45
79 48
79 60
79 133
79 149
79 231
79 253
79 264
79 285
79 449
79 722
79 753
79 757
79 882
79 984
80 4
80 11
80 14
80 67
80 122
80 156
80 161
80 203
80 341
80 366
80 417
80 831
80 965
81 7
81 23
81 28
81 52
82 5
82 18
82 24
82 59
82 87
82 99
82 113
82 342
82 468
82 547
82 605
82 883
82 959
83 4
83 9
83 31
83 41
83 152
83 185
83 423
83 469
83 630
83 676
83 851
84 7
84 10
84 28
84 46
84 111
84 114
84 118
84 150
84 193
84 218
84 229
84 233
84 235
84 302
84 480
84 505
84 544
84 682
84 686
84 768
84 963
85 18
85 26
85 33
85 34
85 128
85 255
85 256
85 373
85 527
85 691
85 977
86 0
86 10
86 15
86 29
86 238
86 284
86 295
86 434
86 670
86 780
86 848
86 983
87 4
87 25
87 53
87 82
87 92
87 100
87 113
87 196
87 279
87 432
87 746
87 787
88 14
88 27
88 31
88 34
88 149
88 190
88 278
88 290
88 310
88 321
88 353
88 457
88 484
88 664
88 746
89 6
89 10
89 55
89 63
89 168
89 467
89 853
89 954
89 999
90 4
90 8
90 37
90 67
90 158
90 175
90 178
90 252
90 272
90 367
90 410
90 458
90 496
90 516
90 568
90 968
91 2
91 5
91 13
91 49
91 110
91 111
91 119
91 148
91 257
91 292
91 327
91 387
91 397
91 436
91 464
91 532
91 541
91 546
91 553
91 578
91 612
91 643
91 703
91 760
91 887
91 905
91 917
91 922
91 951
92 0
92 5
92 62
92 87
92 173
92 258
92 260
92 691
92 864
93 4
93 40
93 54
93 77
93 140
93 234
93 243
93 350
93 448
93 489
93 609
93 641
93 694
93 883
93 920
93 942
94 4
94 10
94 45
94 50
94 115
94 267
94 277
94 355
94 383
94 393
94 440
95 9
95 27
95 34
95 47
95 122
95 144
95 208
95 313
95 405
95 434
95 458
95 506
95 608
95 717
95 911
96 7
96 35
96 41
96 67
96 250
96 292
96 575
96 606
96 617
96 658
96 754
96 888
97 14
97 18
97 26
97 71
97 129
97 139
97 203
97 217
97 391
97 444
97 745
97 814
97 852
97 953
98 5
98 10
98 12
98 13
98 109
98 211
98 276
98 963
99 8
99 39
99 65
99 82
99 119
99 162
99 256
99 438
99 583
99 725
99 960
100 8
100 9
100 46
100 87
100 222
100 337
100 392
100 412
100 553
100 626
100 684
100 743
100 764
100 767
100 859
101 20
101 38
101 64
101 67
101 113
101 131
101 136
101 158
101 216
101 247
101 348
101 382
101 383
101 610
101 614
101 643
101 767
102 34
102 40
102 47
102 62
102 110
102 128
102 158
102 184
102 209
102 212
102 273
102 349
102 353
102 415
102 431
102 440
102 521
102 552
102 564
102 601
102 741
102 749
102 775
102 837
102 899
102 908
102 942
102 978
103 5
103 40
103 59
103 68
103 134
103 181
103 233
103 237
103 347
103 399
103 403
103 429
103 532
103 690
103 836
103 951
103 972
104 7
104 39
104 43
104 51
104 129
104 244
104 308
104 378
104 657
104 790
104 999
105 8
105 33
105 55
105 59
105 108
105 123
105 154
105 181
105 196
105 369
105 433
105 451
105 465
105 558
105 723
105 812
105 844
105 856
105 862
105 958
106 4
106 7
106 22
106 72
106 191
106 193
106 224
106 236
106 252
106 401
106 407
106 468
106 732
106 756
106 891
107 8
107 16
107 40
107 41
107 123
107 161
107 256
107 400
107 469
107 754
107 821
107 959
107 973
108 4
108 26
108 46
108 105
108 132
108 290
108 350
108 364
108 455
108 478
108 761
108 849
108 921
108 937
109 1
109 5
109 39
109 98
109 294
109 635
109 714
109 771
109 867
109 893
110 10
110 74
110 91
110 102
110 131
110 344
110 775
111 4
111 5
111 84
111 91
111 255
111 259
111 315
111 321
111 336
111 368
111 421
111 584
111 595
111 603
111 758
112 9
112 10
112 15
112 43
112 209
112 239
112 494
112 503
112 563
112 700
112 855
112 915
113 66
113 82
113 87
113 101
113 136
113 160
113 208
113 244
113 283
113 357
113 400
113 589
113 628
113 702
113 753
113 820
113 830
113 871
113 956
114 14
114 30
114 71
114 84
114 397
114 592
115 4
115 23
115 59
115 94
115 125
115 131
115 174
115 230
115 265
115 328
115 412
115 700
115 745
115 838
116 8
116 54
116 55
116 68
116 263
116 269
116 384
116 843
117 8
117 14
117 26
117 40
117 128
117 208
117 221
117 326
117 357
117 425
117 489
117 627
117 650
117 710
117 720
117 727
117 859
118 17
118 35
118 59
118 84
118 225
118 443
118 524
118 655
118 721
119 33
119 52
119 91
119 99
119 129
119 131
119 281
119 289
119 314
119 344
119 554
120 10
120 13
120 16
120 61
120 176
120 179
120 192
120 201
120 327
120 335
120 513
120 536
120 622
120 635
120 653
120 777
120 943
121 1
121 26
121 40
121 61
121 206
121 426
121 817
122 1
122 40
122 80
122 95
122 287
122 367
122 463
122 696
122 793
122 821
122 855
123 4
123 66
123 105
123 107
123 154
123 164
123 207
123 330
123 417
123 569
123 585
123 679
123 735
123 742
123 765
123 976
124 34
124 43
124 47
124 71
124 154
124 384
124 449
124 732
124 845
125 0
125 2
125 64
125 115
125 270
125 296
125 610
125 664
125 715
125 935
126 5
126 10
126 13
126 40
126 130
126 143
126 168
126 215
126 351
126 408
126 540
126 557
126 615
126 685
126 686
126 946
127 1
127 2
127 10
127 53
127 166
127 275
127 313
127 565
127 882
128 11
128 85
128 102
128 117
128 129
128 207
128 220
128 236
128 239
128 272
128 332
128 457
128 483
128 512
128 695
128 718
128 833
128 850
128 905
128 939
129 97
129 104
129 119
129 128
129 203
129 278
129 393
129 442
129 603
129 733
129 824
129 947
130 13
130 16
130 77
130 126
130 144
130 211
130 227
130 364
130 448
130 654
130 922
131 101
131 110
131 115
131 119
131 178
131 246
131 273
131 333
131 432
131 497
131 647
131 986
132 15
132 62
132 64
132 108
132 192
132 305
132 318
132 319
132 361
132 604
132 800
132 911
132 942
133 4
133 5
133 47
133 79
133 152
133 443
133 639
133 692
133 702
133 786
134 2
134 33
134 39
134 103
134 135
134 297
134 729
135 1
135 9
135 18
135 134
135 309
135 338
135 428
135 543
135 772
135 856
135 978
136 2
136 59
136 101
136 113
136 139
136 147
136 150
136 199
136 264
136 300
136 333
136 377
136 404
136 457
136 517
136 598
136 626
136 791
136 861
136 914
137 1
137 8
137 16
137 60
137 145
137 261
137 310
137 365
137 538
137 803
137 871
138 8
138 9
138 29
138 38
138 248
138 324
138 470
138 507
138 735
138 806
139 10
139 45
139 97
139 136
139 198
139 217
139 341
139 348
140 28
140 40
140 46
140 93
140 329
140 331
140 519
140 676
140 700
140 815
140 836
140 938
141 9
141 22
141 40
141 53
141 371
141 376
141 441
141 520
141 536
141 882
142 0
142 5
142 12
142 39
142 241
142 267
142 481
142 492
142 570
142 738
143 4
143 39
143 68
143 126
143 270
143 361
143 577
143 592
143 614
143 786
144 6
144 78
144 95
144 130
144 166
144 169
144 174
144 184
144 187
144 189
144 195
144 200
144 293
144 305
144 309
144 363
144 442
144 447
144 463
144 474
144 495
144 572
144 865
144 914
144 985
145 12
145 23
145 51
145 137
145 172
145 181
145 245
145 292
145 312
145 314
145 340
145 346
145 384
145 474
145 534
145 731
145 738
146 4
146 10
146 16
146 57
146 194
146 198
146 380
146 446
146 582
146 639
146 983
147 0
147 16
147 27
147 136
147 157
147 159
147 202
147 230
147 245
147 511
147 540
147 791
147 820
148 4
148 5
148 10
148 91
148 182
148 209
148 262
148 316
148 581
149 55
149 66
149 79
149 88
149 169
149 185
149 195
149 219
149 225
149 268
149 436
149 453
149 626
149 765
149 792
149 799
150 0
150 23
150 84
150 136
150 171
150 318
150 728
150 875
150 987
151 4
151 5
151 28
151 71
152 26
152 63
152 83
152 133
152 294
152 304
152 355
152 431
152 505
152 619
153 4
153 41
153 63
153 65
153 188
153 229
153 267
153 358
153 374
153 455
153 699
153 933
153 934
153 948
153 977
154 26
154 105
154 123
154 124
154 188
154 209
154 232
154 280
154 299
154 424
154 539
154 605
154 731
154 804
154 879
154 897
154 941
155 4
155 9
155 20
155 41
155 166
155 217
155 351
155 406
155 427
155 473
155 510
155 529
155 611
155 771
155 875
155 878
156 11
156 62
156 76
156 80
156 224
156 242
156 339
156 368
156 426
156 511
156 635
156 638
156 878
156 975
157 26
157 41
157 75
157 147
157 302
157 338
157 380
157 573
157 666
157 727
157 756
157 791
157 799
157 940
158 11
158 90
158 101
158 102
158 215
158 225
158 258
158 317
158 364
158 410
158 479
158 739
158 757
158 792
159 53
159 66
159 76
159 147
159 277
159 398
159 446
160 8
160 38
160 46
160 113
160 175
160 180
160 993
161 9
161 34
161 80
161 107
161 307
161 468
161 526
161 655
161 918
162 54
162 66
162 74
162 99
162 227
162 276
162 364
162 420
162 537
162 592
162 625
162 667
162 811
162 917
162 966
163 8
163 33
163 50
163 63
163 346
163 369
163 481
163 488
163 770
164 24
164 33
164 43
164 123
164 221
164 248
165 10
165 16
165 19
165 47
165 177
165 192
165 205
165 241
165 333
165 427
165 609
165 614
165 996
166 13
166 127
166 144
166 155
166 223
166 332
166 335
166 337
166 373
166 491
166 593
166 728
167 1
167 13
167 18
167 59
167 228
167 381
167 444
167 805
167 914
168 26
168 78
168 89
168 126
168 177
168 200
168 210
168 537
168 570
168 835
168 844
168 857
169 15
169 41
169 144
169 149
169 199
170 0
170 5
170 10
170 21
170 247
170 588
171 0
171 5
171 18
171 150
171 274
171 500
171 649
172 12
172 30
172 39
172 145
172 348
172 438
173 4
173 8
173 29
173 92
173 218
173 220
173 336
173 454
173 550
173 909
174 5
174 78
174 115
174 144
174 180
174 375
174 515
174 559
174 566
174 631
174 660
174 779
174 794
174 819
174 950
175 4
175 9
175 90
175 160
175 422
175 466
175 718
175 801
175 949
176 5
176 16
176 23
176 120
176 398
176 423
176 459
176 694
176 736
176 837
176 839
177 5
177 19
177 165
177 168
177 210
177 221
177 226
177 239
177 363
177 447
177 456
177 554
177 633
178 33
178 78
178 90
178 131
178 297
178 605
178 689
178 795
179 4
179 10
179 27
179 120
179 231
179 244
179 258
179 263
179 420
179 623
179 642
179 664
179 808
180 17
180 63
180 160
180 174
180 644
180 798
180 847
181 13
181 103
181 105
181 145
181 190
181 327
181 575
182 6
182 17
182 75
182 148
182 333
182 394
182 496
182 576
182 826
183 0
183 5
183 31
183 63
183 193
183 458
183 633
183 798
183 952
184 10
184 51
184 102
184 144
184 461
184 998
185 26
185 57
185 83
185 149
185 188
185 244
185 269
185 275
185 385
185 390
185 555
185 632
185 784
185 786
185 826
185 860
185 888
185 937
186 9
186 13
186 19
186 39
186 388
187 6
187 16
187 29
187 144
187 205
187 270
187 690
187 813
188 77
188 153
188 154
188 185
188 238
188 302
188 315
188 559
188 678
188 933
188 967
188 981
189 9
189 16
189 54
189 144
189 651
189 869
190 4
190 7
190 88
190 181
190 197
190 407
190 437
190 641
190 831
190 900
191 0
191 4
191 6
191 106
191 199
191 335
191 945
192 76
192 120
192 132
192 165
192 920
193 60
193 84
193 106
193 183
193 299
193 322
193 390
193 398
193 450
193 496
193 503
193 580
194 23
194 49
194 60
194 146
195 0
195 47
195 144
195 149
195 251
195 375
195 407
195 589
195 613
195 654
195 716
195 719
196 4
196 33
196 87
196 105
196 210
196 233
196 378
197 5
197 12
197 14
197 190
197 370
197 722
197 767
197 857
198 29
198 72
198 139
198 146
198 454
199 33
199 136
199 169
199 191
199 304
199 434
199 484
199 728
200 29
200 39
200 144
200 168
200 590
200 600
200 774
200 854
201 4
201 5
201 8
201 120
201 288
201 325
201 395
201 433
201 509
201 553
201 701
201 905
201 906
201 934
202 0
202 2
202 10
202 147
202 745
202 771
202 946
203 5
203 80
203 97
203 129
203 365
204 5
204 17
204 35
204 47
204 208
204 401
204 418
204 541
204 573
204 821
204 981
205 58
205 60
205 165
205 187
205 403
205 530
205 596
205 744
206 14
206 31
206 33
206 121
207 5
207 6
207 123
207 128
207 416
207 437
207 618
208 95
208 113
208 117
208 204
208 286
208 759
209 102
209 112
209 148
209 154
209 251
209 411
209 480
209 548
209 615
209 703
209 783
209 968
209 971
210 68
210 168
210 177
210 196
210 229
210 263
210 341
210 345
210 417
210 492
210 674
210 794
210 876
211 17
211 20
211 98
211 130
211 295
211 311
211 383
211 396
211 556
211 818
211 917
212 5
212 14
212 52
212 102
212 341
212 479
212 529
212 568
212 591
213 1
213 4
213 7
213 57
213 216
213 224
213 280
213 367
213 429
213 550
213 599
213 666
213 783
213 789
213 881
214 4
214 11
214 31
214 52
214 226
214 229
214 287
214 593
214 656
214 659
214 660
214 706
215 4
215 33
215 126
215 158
215 462
215 625
215 634
215 675
215 755
215 858
215 881
216 8
216 27
216 101
216 213
216 396
216 441
216 820
217 4
217 97
217 139
217 155
217 259
217 334
217 372
217 705
217 753
218 7
218 23
218 84
218 173
218 253
218 388
218 544
218 609
218 663
218 813
218 934
219 7
219 10
219 48
219 149
219 223
219 372
219 612
219 751
220 10
220 28
220 128
220 173
220 288
220 796
220 812
220 969
221 8
221 117
221 164
221 177
221 226
221 256
221 394
221 459
221 629
221 848
222 5
222 13
222 28
222 100
222 556
222 609
222 783
223 4
223 42
223 166
223 219
223 528
223 531
223 637
224 20
224 106
224 156
224 213
224 307
224 324
224 632
225 52
225 118
225 149
225 158
225 298
225 416
225 428
225 697
225 800
226 4
226 177
226 214
226 221
226 308
226 359
226 391
226 414
226 708
226 810
226 929
227 4
227 66
227 130
227 162
227 344
227 355
227 460
227 483
227 577
227 608
227 783
228 0
228 2
228 27
228 167
228 303
228 709
228 944
229 84
229 153
229 210
229 214
229 253
229 554
229 599
229 644
230 4
230 7
230 115
230 147
230 286
230 334
230 527
230 564
230 687
231 5
231 63
231 79
231 179
231 238
231 262
231 499
231 702
232 2
232 13
232 72
232 154
232 278
232 604
232 606
232 893
233 1
233 84
233 103
233 196
233 335
233 575
233 775
234 0
234 60
234 78
234 93
234 345
234 451
234 512
234 563
234 668
235 4
235 17
235 18
235 84
235 374
235 727
236 14
236 78
236 106
236 128
236 459
236 525
236 571
237 24
237 37
237 78
237 103
237 275
237 301
237 395
237 612
238 67
238 86
238 188
238 231
238 240
238 243
238 270
238 302
238 506
238 582
238 982
239 15
239 112
239 128
239 177
239 376
239 475
239 539
240 6
240 29
240 45
240 238
240 409
240 567
240 607
240 641
241 4
241 26
241 142
241 165
241 266
241 301
241 370
241 526
241 887
242 0
242 13
242 64
242 156
242 298
243 30
243 50
243 93
243 238
243 337
244 104
244 113
244 179
244 185
244 913
244 970
245 0
245 40
245 145
245 147
245 499
245 964
246 0
246 6
246 23
246 131
246 280
246 282
246 524
246 550
246 564
247 36
247 55
247 101
247 170
247 623
248 2
248 7
248 138
248 164
249 5
249 8
249 12
249 14
249 282
249 310
249 331
249 353
249 600
250 13
250 40
250 46
250 96
250 296
250 338
250 408
250 498
250 743
250 860
250 877
250 940
251 5
251 62
251 195
251 209
251 529
251 848
252 14
252 45
252 90
252 106
252 260
252 323
252 452
252 497
252 518
252 550
253 52
253 79
253 218
253 229
253 561
253 723
254 16
254 25
254 47
254 52
254 596
254 767
255 10
255 35
255 85
255 111
255 319
255 480
255 581
255 656
255 766
256 85
256 99
256 107
256 221
256 485
256 647
256 770
256 817
257 46
257 53
257 64
257 91
257 271
257 331
257 363
257 385
257 545
257 686
257 929
258 20
258 92
258 158
258 179
258 498
259 23
259 39
259 111
259 217
259 480
259 589
259 605
259 657
259 810
259 844
260 13
260 33
260 92
260 252
260 288
260 377
260 750
260 995
261 2
261 6
261 35
261 137
261 271
261 439
261 537
262 2
262 7
262 148
262 231
262 342
262 346
262 387
262 610
262 697
263 13
263 116
263 179
263 210
263 293
263 471
263 551
263 583
264 22
264 53
264 79
264 136
264 675
265 12
265 49
265 52
265 115
265 487
265 780
266 1
266 32
266 62
266 241
266 406
266 569
266 730
267 4
267 94
267 142
267 153
267 290
267 329
267 546
267 678
267 816
267 931
268 5
268 42
268 47
268 149
268 476
268 704
269 49
269 52
269 116
269 185
269 287
269 317
269 356
269 427
269 656
269 850
270 125
270 143
270 187
270 238
270 499
270 882
271 9
271 59
271 257
271 261
271 437
271 464
271 669
271 773
271 840
271 891
271 978
272 4
272 62
272 90
272 128
272 285
272 548
272 638
272 658
272 927
273 6
273 8
273 102
273 131
273 387
273 402
273 929
274 20
274 67
274 78
274 171
274 850
275 13
275 127
275 185
275 237
275 290
275 477
275 535
275 549
276 5
276 59
276 98
276 162
276 501
276 523
276 624
276 738
276 742
277 23
277 40
277 94
277 159
277 529
277 536
278 49
278 88
278 129
278 232
278 352
278 481
279 9
279 20
279 21
279 87
279 405
280 8
280 154
280 213
280 246
280 538
280 696
281 9
281 13
281 58
281 119
281 394
281 492
281 588
281 809
282 23
282 27
282 246
282 249
282 581
282 591
282 631
282 661
282 668
282 682
282 708
282 711
282 802
282 916
282 966
283 0
283 29
283 75
283 113
283 344
283 415
283 525
283 602
283 923
284 9
284 68
284 72
284 86
285 15
285 53
285 79
285 272
285 827
285 973
286 5
286 26
286 208
286 230
286 660
286 725
286 798
287 10
287 122
287 214
287 269
287 838
288 23
288 201
288 220
288 260
288 879
289 18
289 29
289 75
289 119
289 408
289 543
289 967
290 88
290 108
290 267
290 275
290 299
290 476
290 533
290 566
290 824
291 4
291 9
291 26
291 39
291 318
291 726
291 756
292 66
292 91
292 96
292 145
292 303
292 670
292 841
293 0
293 39
293 144
293 263
293 306
293 399
293 413
293 425
293 462
293 471
293 549
293 622
293 632
293 646
293 674
293 689
293 701
293 814
293 820
293 946
294 18
294 72
294 109
294 152
294 343
294 415
294 421
295 4
295 8
295 86
295 211
295 781
295 861
296 4
296 53
296 125
296 250
296 603
297 1
297 10
297 134
297 178
297 482
298 29
298 72
298 225
298 242
298 317
298 328
298 703
298 716
298 749
298 765
298 796
298 850
298 853
298 919
298 938
298 993
299 6
299 154
299 193
299 290
299 438
299 500
300 13
300 62
300 66
300 136
300 534
300 947
301 10
301 41
301 237
301 241
301 329
301 555
301 751
301 904
302 84
302 157
302 188
302 238
302 450
302 590
302 956
303 18
303 76
303 228
303 292
304 8
304 77
304 152
304 199
304 449
304 678
305 6
305 48
305 132
305 144
306 10
306 13
306 71
306 293
306 703
306 705
307 17
307 62
307 161
307 224
307 439
307 620
307 731
307 759
307 899
307 933
308 2
308 67
308 104
308 226
308 954
309 49
309 63
309 135
309 144
309 348
309 371
309 502
309 642
309 975
309 999
310 13
310 88
310 137
310 249
310 829
310 938
311 4
311 45
311 56
311 211
311 316
311 378
311 448
311 707
311 788
312 8
312 51
312 62
312 145
312 931
313 19
313 38
313 95
313 127
313 427
313 700
313 794
314 1
314 7
314 119
314 145
314 326
314 368
314 382
314 840
315 6
315 27
315 111
315 188
315 469
316 1
316 33
316 148
316 311
316 454
316 500
316 818
317 7
317 158
317 269
317 298
317 330
318 13
318 132
318 150
318 291
318 690
318 911
319 4
319 78
319 132
319 255
319 389
319 453
319 487
319 624
319 685
319 687
320 8
320 16
320 54
320 59
321 17
321 65
321 88
321 111
321 343
321 575
321 663
321 861
322 14
322 22
322 23
322 193
322 472
322 531
322 621
322 851
323 6
323 14
323 18
323 252
323 371
323 641
323 715
323 762
323 763
323 860
324 14
324 28
324 138
324 224
324 360
324 729
324 789
325 0
325 10
325 32
325 201
325 795
326 26
326 66
326 117
326 314
326 504
326 648
326 673
326 870
326 903
326 981
327 8
327 91
327 120
327 181
327 392
327 414
327 741
327 797
328 29
328 65
328 115
328 298
328 507
329 6
329 140
329 267
329 301
329 369
329 377
329 401
329 642
329 787
330 4
330 20
330 123
330 317
330 505
330 515
330 677
330 719
330 762
330 804
331 17
331 140
331 249
331 257
331 465
331 545
331 621
331 636
332 30
332 33
332 128
332 166
332 377
332 460
333 131
333 136
333 165
333 182
333 409
333 479
333 817
333 869
333 961
334 5
334 30
334 217
334 230
334 476
334 680
334 687
334 984
335 120
335 166
335 191
335 233
335 392
335 425
335 492
335 544
335 722
336 26
336 62
336 111
336 173
336 551
337 1
337 100
337 166
337 243
337 827
338 1
338 135
338 157
338 250
338 591
339 10
339 24
339 48
339 156
339 486
339 994
340 1
340 10
340 13
340 145
340 393
340 719
340 748
340 918
340 988
340 998
341 80
341 139
341 210
341 212
341 598
341 806
341 997
342 5
342 13
342 82
342 262
342 622
342 864
342 874
343 0
343 8
343 294
343 321
343 484
343 650
344 110
344 119
344 227
344 283
344 416
344 445
344 489
344 584
344 707
344 847
344 856
345 2
345 33
345 210
345 234
345 362
345 510
345 920
345 984
346 0
346 145
346 163
346 262
347 1
347 5
347 10
347 103
347 385
347 537
348 101
348 139
348 172
348 309
348 774
349 4
349 8
349 65
349 102
349 402
350 5
350 14
350 93
350 108
350 501
350 586
351 4
351 54
351 126
351 155
351 420
351 519
351 584
351 834
351 932
352 9
352 10
352 13
352 278
352 692
352 892
352 961
353 4
353 88
353 102
353 249
353 386
353 706
353 909
354 13
354 14
354 29
354 59
354 647
354 782
354 837
354 886
355 10
355 94
355 152
355 227
355 779
355 906
356 5
356 9
356 58
356 269
356 419
356 811
357 32
357 61
357 113
357 117
357 363
357 456
357 508
357 527
357 743
357 858
357 889
357 957
358 32
358 61
358 75
358 153
358 521
358 543
358 547
358 637
358 852
358 954
359 16
359 17
359 52
359 226
359 493
359 516
359 526
359 531
359 572
359 639
359 650
359 696
359 699
359 724
359 889
360 18
360 34
360 65
360 324
360 438
360 523
360 788
361 5
361 74
361 132
361 143
361 826
362 10
362 41
362 52
362 345
362 507
363 144
363 177
363 257
363 357
363 761
364 108
364 130
364 158
364 162
364 724
364 749
365 10
365 58
365 137
365 203
365 470
365 484
365 522
365 551
365 565
365 568
365 624
365 648
365 766
365 901
365 942
366 0
366 5
366 10
366 80
366 424
366 725
367 54
367 90
367 122
367 213
367 482
368 24
368 111
368 156
368 314
368 666
368 671
368 774
368 868
368 974
369 4
369 105
369 163
369 329
369 846
369 962
370 15
370 20
370 197
370 241
370 430
371 11
371 141
371 309
371 323
371 680
372 1
372 47
372 217
372 219
372 382
372 485
372 778
372 835
372 890
373 39
373 60
373 85
373 166
373 491
373 769
373 833
373 880
374 1
374 4
374 153
374 235
374 402
374 406
374 428
374 451
374 514
374 616
374 627
374 852
374 952
375 40
375 73
375 174
375 195
375 410
375 494
375 546
375 752
376 20
376 66
376 141
376 239
376 716
377 136
377 260
377 329
377 332
377 637
377 685
377 708
377 834
378 0
378 104
378 196
378 311
378 486
378 540
378 571
378 651
378 895
378 924
378 980
379 4
379 5
379 24
379 42
379 385
379 852
379 876
380 54
380 58
380 146
380 157
380 435
380 494
381 4
381 16
381 75
381 167
381 593
381 847
381 951
382 21
382 101
382 314
382 372
383 27
383 94
383 101
383 211
383 408
383 477
384 28
384 116
384 124
384 145
385 185
385 257
385 347
385 379
385 991
386 0
386 5
386 73
386 353
386 429
386 448
386 587
386 813
386 971
387 57
387 91
387 262
387 273
387 404
387 853
388 40
388 66
388 186
388 218
388 397
388 805
389 7
389 10
389 39
389 319
389 655
389 883
390 57
390 75
390 185
390 193
390 502
390 562
390 619
390 730
390 953
390 991
391 5
391 13
391 97
391 226
392 24
392 100
392 327
392 335
392 517
393 52
393 94
393 129
393 340
393 707
394 54
394 182
394 221
394 281
394 454
394 710
394 812
395 4
395 49
395 201
395 237
395 789
396 8
396 10
396 211
396 216
396 447
396 638
396 838
396 863
396 954
397 1
397 91
397 114
397 388
397 517
397 815
398 6
398 159
398 176
398 193
398 665
399 8
399 47
399 103
399 293
400 8
400 68
400 107
400 113
400 815
400 979
401 24
401 106
401 204
401 329
401 513
401 552
401 601
401 961
402 10
402 273
402 349
402 374
402 549
402 841
403 5
403 24
403 103
403 205
403 597
404 22
404 35
404 136
404 387
404 768
405 18
405 36
405 95
405 279
405 557
406 53
406 155
406 266
406 374
407 29
407 106
407 190
407 195
407 447
407 707
407 810
408 126
408 250
408 289
408 383
408 673
409 7
409 9
409 240
409 333
410 24
410 90
410 158
410 375
410 595
411 3
411 5
411 40
411 209
411 559
411 569
411 668
411 755
411 793
411 801
411 968
412 2
412 25
412 100
412 115
412 495
412 631
412 680
412 683
412 996
413 5
413 34
413 57
413 293
413 877
413 894
413 898
414 6
414 65
414 226
414 327
414 509
414 748
414 825
415 19
415 102
415 283
415 294
416 9
416 207
416 225
416 344
416 656
417 9
417 80
417 123
417 210
417 965
418 5
418 58
418 62
418 204
418 530
418 560
418 629
418 785
418 872
418 877
418 900
418 924
419 4
419 5
419 33
419 356
420 29
420 162
420 179
420 351
420 554
420 562
420 643
421 46
421 47
421 111
421 294
422 11
422 18
422 22
422 175
422 779
423 2
423 5
423 83
423 176
424 8
424 20
424 154
424 366
425 10
425 117
425 293
425 335
425 548
425 814
426 6
426 60
426 121
426 156
426 493
427 155
427 165
427 269
427 313
427 483
427 520
427 867
428 12
428 135
428 225
428 374
428 522
428 545
428 740
429 53
429 103
429 213
429 386
429 931
429 985
430 5
430 13
430 56
430 370
430 528
430 875
430 985
431 5
431 18
431 102
431 152
432 5
432 69
432 87
432 131
433 35
433 51
433 105
433 201
433 473
433 737
434 14
434 86
434 95
434 199
434 503
435 25
435 28
435 49
435 380
436 4
436 33
436 91
436 149
436 986
437 53
437 190
437 207
437 271
437 542
437 558
437 839
438 99
438 172
438 299
438 360
438 466
438 483
438 691
438 910
438 922
439 1
439 54
439 261
439 307
439 854
440 13
440 66
440 94
440 102
440 551
441 4
441 35
441 141
441 216
441 680
441 837
441 902
442 15
442 18
442 129
442 144
443 8
443 52
443 118
443 133
443 620
444 25
444 65
444 97
444 167
445 5
445 10
445 29
445 344
445 923
446 14
446 35
446 146
446 159
446 608
447 144
447 177
447 396
447 407
447 962
448 93
448 130
448 311
448 386
448 466
448 561
448 709
448 992
449 9
449 79
449 124
449 304
450 20
450 58
450 193
450 302
450 599
450 669
451 4
451 105
451 234
451 374
452 0
452 8
452 33
452 252
452 565
453 14
453 60
453 149
453 319
453 765
453 958
454 173
454 198
454 316
454 394
455 51
455 59
455 108
455 153
456 11
456 47
456 177
456 357
457 50
457 88
457 128
457 136
457 482
457 546
457 584
457 630
457 717
457 726
458 8
458 90
458 95
458 183
458 563
458 712
458 757
458 913
459 22
459 176
459 221
459 236
459 699
459 941
460 22
460 41
460 227
460 332
460 552
460 717
460 744
460 830
461 4
461 13
461 46
461 184
462 8
462 40
462 215
462 293
462 468
462 491
462 606
462 776
462 904
463 9
463 14
463 122
463 144
464 36
464 73
464 91
464 271
464 711
465 8
465 18
465 105
465 331
466 29
466 175
466 438
466 448
466 491
466 594
466 718
466 862
467 4
467 24
467 44
467 89
467 910
468 82
468 106
468 161
468 462
468 675
469 30
469 83
469 107
469 315
469 646
469 659
469 747
470 1
470 13
470 138
470 365
470 645
470 720
470 834
470 977
471 35
471 50
471 263
471 293
471 533
471 646
471 795
472 5
472 7
472 29
472 322
472 518
472 528
473 7
473 54
473 155
473 433
473 519
473 675
473 798
474 26
474 46
474 144
474 145
474 778
474 930
475 10
475 14
475 57
475 239
476 73
476 268
476 290
476 334
476 613
476 661
476 865
477 8
477 23
477 275
477 383
477 539
478 11
478 46
478 52
478 108
478 493
478 535
478 604
478 674
479 33
479 158
479 212
479 333
480 84
480 209
480 255
480 259
480 599
480 781
481 21
481 142
481 163
481 278
481 508
481 521
481 560
481 640
481 737
481 910
481 939
482 17
482 297
482 367
482 457
482 718
483 128
483 227
483 427
483 438
484 88
484 199
484 343
484 365
484 540
484 573
484 578
485 0
485 1
485 256
485 372
485 859
485 926
486 9
486 20
486 339
486 378
487 10
487 52
487 265
487 319
487 679
488 0
488 2
488 50
488 163
488 969
489 10
489 93
489 117
489 344
489 737
489 879
490 26
490 28
490 49
490 65
490 558
490 715
490 764
491 166
491 373
491 462
491 466
491 998
492 142
492 210
492 281
492 335
492 617
492 881
492 988
493 75
493 359
493 426
493 478
493 816
494 67
494 112
494 375
494 380
495 5
495 76
495 144
495 412
495 559
495 562
495 640
495 887
496 62
496 90
496 182
496 193
496 582
496 595
496 770
496 832
497 2
497 63
497 131
497 252
497 664
497 926
497 928
497 957
498 4
498 57
498 250
498 258
498 561
498 574
498 677
498 681
498 845
499 16
499 231
499 245
499 270
499 739
500 1
500 171
500 299
500 316
501 8
501 40
501 276
501 350
502 24
502 68
502 309
502 390
502 980
503 45
503 112
503 193
503 434
503 884
504 30
504 52
504 76
504 326
504 688
504 930
504 976
505 26
505 84
505 152
505 330
505 594
506 29
506 77
506 95
506 238
506 777
507 2
507 138
507 328
507 362
508 1
508 8
508 357
508 481
508 834
508 835
508 936
509 14
509 16
509 201
509 414
510 13
510 66
510 155
510 345
511 25
511 55
511 147
511 156
511 611
511 723
511 823
511 895
511 950
512 4
512 29
512 128
512 234
512 909
512 915
513 22
513 52
513 120
513 401
513 878
514 2
514 19
514 35
514 374
514 613
514 881
515 13
515 15
515 174
515 330
516 53
516 61
516 90
516 359
516 523
517 12
517 136
517 392
517 397
517 739
518 2
518 37
518 252
518 472
518 683
518 709
519 4
519 140
519 351
519 473
519 730
519 829
520 5
520 37
520 141
520 427
521 48
521 102
521 358
521 481
521 578
521 630
522 31
522 52
522 365
522 428
522 833
523 26
523 276
523 360
523 516
523 662
524 16
524 65
524 118
524 246
524 726
524 890
525 14
525 31
525 236
525 283
525 555
525 687
525 777
525 880
525 943
526 41
526 161
526 241
526 359
527 60
527 85
527 230
527 357
527 566
528 21
528 223
528 430
528 472
528 653
528 967
529 155
529 212
529 251
529 277
529 557
529 939
530 10
530 65
530 205
530 418
530 742
531 41
531 223
531 322
531 359
532 12
532 39
532 91
532 103
532 619
533 10
533 26
533 290
533 471
533 567
534 2
534 31
534 145
534 300
534 936
535 4
535 10
535 275
535 478
536 63
536 120
536 141
536 277
537 162
537 168
537 261
537 347
537 728
538 39
538 52
538 137
538 280
538 570
538 645
538 826
538 908
539 5
539 154
539 239
539 477
540 126
540 147
540 378
540 484
540 547
540 654
540 699
540 924
541 40
541 66
541 91
541 204
542 4
542 28
542 30
542 437
543 12
543 135
543 289
543 358
543 587
544 7
544 84
544 218
544 335
545 12
545 257
545 331
545 428
545 652
545 996
546 91
546 267
546 375
546 457
546 640
547 14
547 82
547 358
547 540
547 795
548 36
548 209
548 272
548 425
549 7
549 275
549 293
549 402
549 711
550 173
550 213
550 246
550 252
551 263
551 336
551 365
551 440
552 10
552 102
552 401
552 460
552 796
553 10
553 91
553 100
553 201
553 776
553 778
553 802
554 119
554 177
554 229
554 420
554 572
554 596
555 16
555 185
555 301
555 525
555 645
556 26
556 35
556 211
556 222
556 969
557 16
557 126
557 405
557 529
557 704
558 9
558 105
558 437
558 490
559 174
559 188
559 411
559 495
560 2
560 4
560 418
560 481
561 10
561 253
561 448
561 498
562 26
562 390
562 420
562 495
562 720
563 68
563 112
563 234
563 458
563 725
563 822
563 941
564 1
564 102
564 230
564 246
564 742
564 800
565 3
565 127
565 365
565 452
565 771
565 797
566 13
566 174
566 290
566 527
566 621
566 697
566 907
566 953
567 7
567 54
567 240
567 533
567 574
567 677
567 733
567 959
568 15
568 90
568 212
568 365
569 14
569 123
569 266
569 411
569 896
570 8
570 142
570 168
570 538
570 613
570 636
570 734
571 45
571 74
571 236
571 378
571 688
572 5
572 144
572 359
572 554
573 31
573 157
573 204
573 484
574 1
574 29
574 498
574 567
574 617
575 96
575 181
575 233
575 321
575 637
576 4
576 5
576 60
576 182
576 731
577 53
577 55
577 143
577 227
577 636
578 22
578 91
578 484
578 521
579 5
579 6
579 22
579 63
580 1
580 10
580 34
580 193
581 33
581 148
581 255
581 282
581 598
581 758
582 1
582 146
582 238
582 496
582 774
583 8
583 64
583 99
583 263
583 615
583 997
584 111
584 344
584 351
584 457
585 4
585 6
585 59
585 123
586 5
586 14
586 41
586 350
587 7
587 59
587 386
587 543
587 809
588 19
588 45
588 170
588 281
589 4
589 113
589 195
589 259
590 6
590 22
590 200
590 302
591 13
591 212
591 282
591 338
592 46
592 114
592 143
592 162
593 8
593 166
593 214
593 381
594 0
594 9
594 466
594 505
595 71
595 111
595 410
595 496
596 8
596 205
596 254
596 554
596 661
596 977
596 997
597 12
597 13
597 20
597 403
597 758
598 2
598 136
598 341
598 581
598 736
599 213
599 229
599 450
599 480
599 695
599 803
600 67
600 76
600 200
600 249
600 655
601 8
601 21
601 102
601 401
602 33
602 48
602 49
602 283
603 13
603 111
603 129
603 296
604 4
604 132
604 232
604 478
604 652
604 970
605 82
605 154
605 178
605 259
605 652
606 40
606 96
606 232
606 462
607 11
607 33
607 34
607 240
607 648
607 659
607 754
607 870
608 1
608 95
608 227
608 446
608 692
608 790
608 928
609 93
609 165
609 218
609 222
609 935
610 2
610 101
610 125
610 262
611 0
611 58
611 155
611 511
611 919
611 972
612 55
612 91
612 219
612 237
612 863
613 195
613 476
613 514
613 570
614 8
614 101
614 143
614 165
614 618
614 682
614 690
615 5
615 126
615 209
615 583
615 797
615 814
615 822
615 828
615 879
615 950
616 1
616 26
616 27
616 374
617 26
617 96
617 492
617 574
618 15
618 61
618 207
618 614
619 29
619 152
619 390
619 532
619 785
620 9
620 10
620 307
620 443
620 790
621 49
621 322
621 331
621 566
621 668
622 40
622 120
622 293
622 342
622 932
623 1
623 17
623 179
623 247
624 4
624 276
624 319
624 365
625 4
625 8
625 162
625 215
626 4
626 100
626 136
626 149
626 640
626 679
626 875
626 884
627 39
627 57
627 117
627 374
627 963
628 1
628 52
628 54
628 113
628 758
628 968
629 7
629 33
629 221
629 418
630 13
630 83
630 457
630 521
631 68
631 174
631 282
631 412
631 685
632 76
632 185
632 224
632 293
633 4
633 7
633 177
633 183
633 663
634 2
634 12
634 65
634 215
635 39
635 109
635 120
635 156
636 4
636 331
636 570
636 577
637 223
637 358
637 377
637 575
637 844
637 934
638 4
638 156
638 272
638 396
638 719
638 955
639 5
639 133
639 146
639 359
639 686
639 864
639 951
640 481
640 495
640 546
640 626
641 93
641 190
641 240
641 323
641 896
642 20
642 179
642 309
642 329
643 25
643 91
643 101
643 420
643 698
644 33
644 46
644 180
644 229
645 7
645 470
645 538
645 555
645 873
646 14
646 293
646 469
646 471
646 764
647 20
647 131
647 256
647 354
647 772
647 893
648 5
648 326
648 365
648 607
648 859
648 974
649 10
649 24
649 27
649 171
650 10
650 117
650 343
650 359
650 669
650 824
650 941
651 9
651 10
651 189
651 378
651 802
652 55
652 545
652 604
652 605
652 692
652 839
652 937
653 4
653 66
653 120
653 528
654 8
654 130
654 195
654 540
654 810
655 118
655 161
655 389
655 600
655 721
655 901
656 214
656 255
656 269
656 416
656 763
656 809
656 830
656 831
657 32
657 57
657 104
657 259
657 839
657 992
658 30
658 33
658 96
658 272
658 907
659 18
659 214
659 469
659 607
659 770
660 35
660 174
660 214
660 286
660 670
660 712
661 62
661 282
661 476
661 596
661 736
662 0
662 21
662 50
662 523
663 54
663 218
663 321
663 633
664 88
664 125
664 179
664 497
665 28
665 61
665 68
665 398
665 760
665 868
665 964
666 49
666 157
666 213
666 368
666 889
666 897
667 4
667 10
667 61
667 162
667 708
667 744
668 234
668 282
668 411
668 621
669 49
669 271
669 450
669 650
669 721
669 891
670 20
670 86
670 292
670 660
671 2
671 4
671 41
671 368
671 874
671 928
672 1
672 4
672 6
672 40
672 862
672 928
672 936
673 8
673 41
673 326
673 408
674 66
674 210
674 293
674 478
674 827
675 215
675 264
675 468
675 473
675 807
675 842
675 956
676 41
676 54
676 83
676 140
676 689
677 1
677 330
677 498
677 567
677 681
677 724
678 10
678 188
678 267
678 304
679 10
679 123
679 487
679 626
679 929
679 994
680 334
680 371
680 412
680 441
680 712
680 979
681 15
681 40
681 498
681 677
681 714
681 846
682 10
682 84
682 282
682 614
683 41
683 76
683 412
683 518
683 696
683 905
684 4
684 13
684 29
684 100
685 126
685 319
685 377
685 631
685 753
685 864
686 84
686 126
686 257
686 639
686 752
687 230
687 319
687 334
687 525
687 761
688 15
688 57
688 504
688 571
688 787
688 903
689 52
689 178
689 293
689 676
689 894
690 103
690 187
690 318
690 614
691 35
691 85
691 92
691 438
692 133
692 352
692 608
692 652
693 18
693 47
693 51
693 54
693 995
694 1
694 10
694 93
694 176
695 4
695 9
695 128
695 599
695 949
696 122
696 280
696 359
696 683
697 4
697 225
697 262
697 566
698 4
698 10
698 15
698 643
699 153
699 359
699 459
699 540
699 842
699 860
699 866
699 911
699 925
699 960
699 971
700 112
700 115
700 140
700 313
701 23
701 78
701 201
701 293
701 912
702 4
702 113
702 133
702 231
702 841
702 983
703 91
703 209
703 298
703 306
704 0
704 10
704 268
704 557
705 26
705 29
705 217
705 306
705 729
706 35
706 46
706 214
706 353
707 311
707 344
707 393
707 407
707 832
708 226
708 282
708 377
708 667
709 1
709 228
709 448
709 518
710 24
710 54
710 117
710 394
710 776
710 867
711 14
711 282
711 464
711 549
712 10
712 458
712 660
712 680
712 816
713 0
713 8
713 10
713 15
713 726
713 854
713 883
714 22
714 49
714 109
714 681
715 42
715 125
715 323
715 490
715 836
715 906
716 5
716 195
716 298
716 376
717 20
717 95
717 457
717 460
717 748
718 128
718 175
718 466
718 482
719 195
719 330
719 340
719 638
719 886
720 64
720 117
720 470
720 562
720 943
721 71
721 118
721 655
721 669
722 64
722 79
722 197
722 335
723 77
723 105
723 253
723 511
723 986
724 49
724 359
724 364
724 677
724 913
725 99
725 286
725 366
725 563
725 880
726 291
726 457
726 524
726 713
727 9
727 117
727 157
727 235
727 903
728 150
728 166
728 199
728 537
728 943
729 9
729 134
729 324
729 705
729 761
730 5
730 266
730 390
730 519
730 734
730 931
731 145
731 154
731 307
731 576
731 990
732 52
732 76
732 106
732 124
732 836
733 1
733 77
733 129
733 567
733 737
733 790
733 868
734 2
734 23
734 570
734 730
734 827
734 971
735 40
735 46
735 123
735 138
736 7
736 176
736 598
736 661
737 433
737 481
737 489
737 733
737 802
737 817
737 902
738 45
738 142
738 145
738 276
738 871
738 939
739 5
739 158
739 499
739 517
740 11
740 21
740 65
740 428
740 760
740 895
741 10
741 40
741 102
741 327
742 123
742 276
742 530
742 564
742 749
742 907
743 22
743 100
743 250
743 357
743 789
743 840
744 43
744 205
744 460
744 667
745 24
745 97
745 115
745 202
746 4
746 55
746 87
746 88
747 9
747 55
747 72
747 469
747 784
748 58
748 340
748 414
748 717
749 102
749 298
749 364
749 742
750 33
750 56
750 64
750 260
750 897
751 4
751 7
751 219
751 301
751 918
752 28
752 64
752 375
752 686
753 79
753 113
753 217
753 685
754 26
754 96
754 107
754 607
754 987
755 10
755 35
755 215
755 411
756 49
756 106
756 157
756 291
757 14
757 79
757 158
757 458
757 794
758 111
758 581
758 597
758 628
759 54
759 71
759 208
759 307
759 846
760 51
760 91
760 665
760 740
761 108
761 363
761 687
761 729
762 39
762 46
762 323
762 330
763 6
763 64
763 323
763 656
764 4
764 100
764 490
764 646
764 863
765 123
765 149
765 298
765 453
766 49
766 78
766 255
766 365
767 100
767 101
767 197
767 254
767 945
768 1
768 10
768 84
768 404
768 914
769 10
769 29
769 32
769 373
770 163
770 256
770 496
770 659
771 109
771 155
771 202
771 565
771 781
771 885
772 8
772 10
772 135
772 647
773 8
773 30
773 52
773 271
774 200
774 348
774 368
774 582
774 965
775 6
775 102
775 110
775 233
776 3
776 462
776 553
776 710
777 61
777 120
777 506
777 525
778 10
778 372
778 474
778 553
778 819
779 5
779 174
779 355
779 422
780 2
780 47
780 86
780 265
781 67
781 295
781 480
781 771
782 12
782 41
782 66
782 354
782 851
783 209
783 213
783 222
783 227
784 15
784 63
784 185
784 747
785 27
785 47
785 418
785 619
785 972
786 74
786 133
786 143
786 185
786 894
787 33
787 87
787 329
787 688
787 904
788 19
788 27
788 311
788 360
788 854
789 213
789 324
789 395
789 743
790 104
790 608
790 620
790 733
790 886
791 13
791 136
791 147
791 157
792 1
792 35
792 149
792 158
792 849
792 903
793 7
793 15
793 122
793 411
794 174
794 210
794 313
794 757
795 178
795 325
795 471
795 547
795 898
795 932
796 66
796 220
796 298
796 552
797 67
797 327
797 565
797 615
798 180
798 183
798 286
798 473
798 916
798 961
799 12
799 29
799 149
799 157
800 2
800 132
800 225
800 564
801 1
801 10
801 175
801 411
802 282
802 553
802 651
802 737
803 6
803 29
803 137
803 599
804 18
804 54
804 154
804 330
804 892
805 0
805 66
805 167
805 388
806 13
806 35
806 138
806 341
807 4
807 15
807 28
807 675
807 978
808 11
808 13
808 60
808 179
809 14
809 281
809 587
809 656
810 226
810 259
810 407
810 654
811 5
811 52
811 162
811 356
812 6
812 105
812 220
812 394
812 815
812 974
813 10
813 187
813 218
813 386
813 824
814 97
814 293
814 425
814 615
815 140
815 397
815 400
815 812
815 945
816 1
816 267
816 493
816 712
817 121
817 256
817 333
817 737
817 923
818 14
818 49
818 211
818 316
818 945
818 953
819 16
819 75
819 174
819 778
819 995
820 113
820 147
820 216
820 293
820 885
820 915
821 18
821 107
821 122
821 204
822 13
822 47
822 563
822 615
823 11
823 12
823 26
823 511
824 129
824 290
824 650
824 813
824 857
825 6
825 58
825 73
825 414
826 182
826 185
826 361
826 538
826 862
827 285
827 337
827 674
827 734
828 23
828 53
828 60
828 615
829 12
829 26
829 310
829 519
829 901
830 11
830 113
830 460
830 656
831 75
831 80
831 190
831 656
832 1
832 66
832 496
832 707
833 29
833 128
833 373
833 522
834 351
834 377
834 470
834 508
835 4
835 168
835 372
835 508
835 899
836 103
836 140
836 715
836 732
837 102
837 176
837 354
837 441
838 54
838 115
838 287
838 396
839 176
839 437
839 652
839 657
840 68
840 271
840 314
840 743
841 10
841 292
841 402
841 702
842 4
842 16
842 675
842 699
843 6
843 34
843 52
843 116
844 105
844 168
844 259
844 637
845 13
845 21
845 124
845 498
846 8
846 369
846 681
846 759
847 15
847 180
847 344
847 381
847 906
847 912
848 15
848 86
848 221
848 251
849 29
849 64
849 108
849 792
849 907
850 128
850 269
850 274
850 298
850 926
851 57
851 83
851 322
851 782
852 97
852 358
852 374
852 379
853 66
853 89
853 298
853 387
854 200
854 439
854 713
854 788
855 16
855 78
855 112
855 122
856 1
856 105
856 135
856 344
856 930
857 27
857 168
857 197
857 824
858 4
858 7
858 215
858 357
859 100
859 117
859 485
859 648
860 185
860 250
860 323
860 699
860 944
861 0
861 136
861 295
861 321
861 896
862 105
862 466
862 672
862 826
863 30
863 396
863 612
863 764
864 92
864 342
864 639
864 685
865 46
865 54
865 144
865 476
866 9
866 24
866 44
866 699
867 5
867 109
867 427
867 710
868 4
868 368
868 665
868 733
869 6
869 53
869 189
869 333
870 4
870 67
870 326
870 607
871 27
871 113
871 137
871 738
872 9
872 36
872 66
872 418
873 10
873 41
873 63
873 645
874 13
874 20
874 342
874 671
875 150
875 155
875 430
875 626
876 4
876 59
876 210
876 379
877 20
877 250
877 413
877 418
877 975
878 15
878 155
878 156
878 513
879 154
879 288
879 489
879 615
879 938
880 54
880 373
880 525
880 725
881 213
881 215
881 492
881 514
882 79
882 127
882 141
882 270
883 82
883 93
883 389
883 713
884 14
884 43
884 503
884 626
885 18
885 64
885 771
885 820
886 19
886 354
886 719
886 790
887 1
887 91
887 241
887 495
888 2
888 78
888 96
888 185
888 975
889 43
889 357
889 359
889 666
889 925
890 10
890 76
890 372
890 524
891 33
891 106
891 271
891 669
891 908
892 8
892 67
892 352
892 804
893 28
893 109
893 232
893 647
894 6
894 413
894 689
894 786
895 52
895 378
895 511
895 740
896 4
896 569
896 641
896 861
897 64
897 154
897 666
897 750
898 0
898 9
898 413
898 795
899 1
899 102
899 307
899 835
900 7
900 10
900 190
900 418
901 29
901 365
901 655
901 829
902 10
902 13
902 441
902 737
903 326
903 688
903 727
903 792
903 904
904 301
904 462
904 787
904 903
905 91
905 128
905 201
905 683
906 201
906 355
906 715
906 847
907 566
907 658
907 742
907 849
908 22
908 102
908 538
908 891
909 26
909 173
909 353
909 512
910 46
910 438
910 467
910 481
911 95
911 132
911 318
911 699
912 5
912 8
912 701
912 847
913 46
913 244
913 458
913 724
913 936
914 136
914 144
914 167
914 768
915 61
915 112
915 512
915 820
916 26
916 49
916 282
916 798
917 13
917 91
917 162
917 211
918 14
918 161
918 340
918 751
919 5
919 40
919 298
919 611
920 10
920 93
920 192
920 345
920 922
920 966
921 0
921 1
921 33
921 108
922 91
922 130
922 438
922 920
923 29
923 283
923 445
923 817
924 11
924 378
924 418
924 540
925 4
925 43
925 699
925 889
925 990
926 4
926 485
926 497
926 850
927 10
927 33
927 43
927 272
928 497
928 608
928 671
928 672
928 935
929 226
929 257
929 273
929 679
930 64
930 474
930 504
930 856
930 948
931 267
931 312
931 429
931 730
932 0
932 351
932 622
932 795
932 965
933 14
933 153
933 188
933 307
934 153
934 201
934 218
934 637
934 984
935 58
935 125
935 609
935 928
935 989
936 508
936 534
936 672
936 913
936 982
936 993
937 9
937 108
937 185
937 652
938 140
938 298
938 310
938 879
939 128
939 481
939 529
939 738
940 18
940 29
940 157
940 250
941 154
941 459
941 563
941 650
941 970
942 93
942 102
942 132
942 365
943 120
943 525
943 720
943 728
944 24
944 66
944 228
944 860
945 191
945 767
945 815
945 818
946 64
946 126
946 202
946 293
947 18
947 59
947 129
947 300
948 10
948 25
948 153
948 930
949 10
949 41
949 175
949 695
949 960
950 18
950 174
950 511
950 615
951 91
951 103
951 381
951 639
952 24
952 67
952 183
952 374
952 970
953 97
953 390
953 566
953 818
954 89
954 308
954 358
954 396
955 14
955 29
955 45
955 638
956 22
956 113
956 302
956 675
957 5
957 55
957 357
957 497
958 5
958 10
958 105
958 453
959 69
959 82
959 107
959 567
960 28
960 99
960 699
960 949
961 333
961 352
961 401
961 798
962 49
962 53
962 369
962 447
962 973
963 62
963 84
963 98
963 627
964 0
964 5
964 245
964 665
965 80
965 417
965 774
965 932
966 6
966 162
966 282
966 920
966 991
967 11
967 188
967 289
967 528
967 999
968 90
968 209
968 411
968 628
969 1
969 220
969 488
969 556
970 244
970 604
970 941
970 952
971 209
971 386
971 699
971 734
972 10
972 103
972 611
972 785
973 12
973 107
973 285
973 962
974 46
974 368
974 648
974 812
974 987
975 156
975 309
975 877
975 888
976 4
976 48
976 123
976 504
977 85
977 153
977 470
977 596
978 102
978 135
978 271
978 807
979 18
979 77
979 400
979 680
980 8
980 30
980 378
980 502
981 62
981 188
981 204
981 326
982 4
982 8
982 238
982 936
983 67
983 86
983 146
983 702
984 79
984 334
984 345
984 934
985 16
985 144
985 429
985 430
986 42
986 131
986 436
986 723
987 50
987 150
987 754
987 974
988 2
988 8
988 340
988 492
989 4
989 13
989 24
989 935
989 998
990 2
990 40
990 731
990 925
991 54
991 385
991 390
991 966
992 35
992 65
992 448
992 657
993 1
993 160
993 298
993 936
994 47
994 66
994 339
994 679
995 14
995 260
995 693
995 819
996 53
996 165
996 412
996 545
997 62
997 341
997 583
997 596
998 184
998 340
998 491
998 989
999 89
999 104
999 309
999 967
