0 1
0 2
0 998
0 999
1 0
1 2
1 3
1 999
2 0
2 1
2 3
2 4
3 1
3 2
3 5
3 173
3 659
4 2
4 6
4 580
5 3
5 7
5 98
6 4
6 7
6 8
7 5
7 6
7 8
7 9
7 491
7 638
8 6
8 7
8 9
8 10
8 82
9 7
9 8
9 10
9 547
10 8
10 9
10 12
10 227
11 12
11 868
12 10
12 11
12 13
12 14
13 12
13 14
13 15
13 176
14 12
14 13
14 15
14 16
15 13
15 14
15 59
15 178
16 14
16 17
16 18
17 16
17 18
17 19
17 171
18 16
18 17
18 19
18 20
19 17
19 18
19 20
19 21
20 18
20 19
20 22
20 781
21 19
21 22
21 23
21 378
22 20
22 21
22 23
22 24
22 209
23 21
23 22
23 25
23 224
23 330
24 22
24 25
24 26
24 352
25 23
25 24
25 26
25 27
26 24
26 25
26 27
26 28
27 25
27 26
27 28
27 874
28 26
28 27
28 29
28 30
29 28
29 331
29 569
30 28
30 31
30 32
30 771
31 30
31 32
31 33
32 30
32 31
32 33
32 34
32 964
33 31
33 32
33 35
33 40
33 713
34 32
34 35
34 36
35 33
35 34
35 36
35 37
36 34
36 35
36 37
36 531
37 35
37 36
37 38
37 39
38 37
38 446
38 457
39 37
39 41
39 537
39 876
40 33
40 184
40 946
41 39
41 42
41 43
42 41
42 43
42 44
43 41
43 42
43 44
43 45
44 42
44 43
44 45
44 46
44 206
45 43
45 44
45 46
45 61
46 44
46 45
46 47
46 48
47 46
47 48
47 49
48 46
48 47
48 49
48 337
48 397
49 47
49 48
49 50
49 51
50 49
50 51
50 52
51 49
51 50
51 52
51 53
52 50
52 51
52 54
52 299
53 51
53 54
53 116
54 52
54 53
54 56
54 319
55 140
55 977
56 54
56 58
56 309
57 58
57 59
58 56
58 57
58 59
58 60
59 15
59 57
59 58
59 60
59 61
60 58
60 59
60 61
60 62
60 766
61 45
61 59
61 60
61 62
61 139
61 611
62 60
62 61
62 63
62 537
63 62
63 64
63 65
64 63
64 65
64 66
65 63
65 64
65 501
65 956
66 64
66 67
66 68
67 66
67 68
67 69
68 66
68 67
68 69
68 70
69 67
69 68
69 70
69 71
70 68
70 69
70 72
70 567
71 69
71 73
71 86
72 70
72 390
72 866
73 71
73 74
73 75
73 729
74 73
74 76
74 303
75 73
75 311
75 911
75 933
76 74
76 77
76 78
77 76
77 78
77 79
78 76
78 77
78 79
78 80
79 77
79 78
79 81
79 794
80 78
80 405
80 846
80 870
81 79
81 82
81 83
82 8
82 81
82 465
82 743
83 81
83 85
83 669
84 85
84 86
84 507
85 83
85 84
85 86
85 87
85 397
85 869
86 71
86 84
86 85
86 87
86 88
86 236
87 85
87 86
87 89
87 279
88 86
88 89
88 90
88 325
89 87
89 88
89 90
89 91
89 881
90 88
90 89
90 91
90 92
91 89
91 90
91 92
91 93
92 90
92 91
92 93
92 94
93 91
93 92
93 95
93 446
94 92
94 95
94 632
95 93
95 94
95 97
95 328
95 334
95 734
95 759
96 97
96 672
97 95
97 96
97 98
97 99
97 366
98 5
98 97
98 100
98 303
98 752
99 97
99 100
99 101
100 98
100 99
100 101
100 102
101 99
101 100
101 102
101 103
101 452
101 875
102 100
102 101
102 103
102 104
103 101
103 102
103 104
103 105
104 102
104 103
104 106
104 150
104 467
104 913
105 103
105 106
105 107
105 250
106 104
106 105
106 107
106 108
107 105
107 106
107 109
107 197
107 850
108 106
108 109
108 110
109 107
109 108
109 110
109 111
110 108
110 109
110 111
110 112
110 137
111 109
111 110
111 112
111 113
112 110
112 111
112 114
112 529
112 646
113 111
113 363
113 582
113 699
114 112
114 116
114 798
115 116
115 592
115 652
116 53
116 114
116 115
116 117
116 118
117 116
117 118
117 119
118 116
118 117
118 119
118 265
119 117
119 118
119 120
119 121
120 119
120 122
120 512
120 800
121 119
121 666
121 847
122 120
122 124
122 155
122 723
123 124
123 125
123 129
124 122
124 123
124 125
124 126
125 123
125 124
125 126
125 127
126 124
126 125
126 127
126 128
127 125
127 126
127 128
127 129
128 126
128 127
128 129
128 130
129 123
129 127
129 128
129 610
130 128
130 131
130 132
131 130
131 132
131 299
131 429
132 130
132 131
132 133
132 134
133 132
133 134
133 135
134 132
134 133
134 135
134 136
135 133
135 134
135 136
135 137
135 741
136 134
136 135
136 137
136 138
136 145
137 110
137 135
137 136
137 664
137 727
138 136
138 139
138 140
139 61
139 138
139 140
140 55
140 138
140 139
140 141
140 142
141 140
141 142
141 143
142 140
142 141
142 143
142 966
143 141
143 142
143 144
143 878
144 143
144 145
144 146
145 136
145 144
145 146
146 144
146 145
146 147
146 985
147 146
147 149
147 311
147 569
148 149
148 150
149 147
149 148
149 150
149 379
149 582
150 104
150 148
150 149
150 151
151 150
151 152
151 153
152 151
152 153
152 154
153 151
153 152
153 154
153 155
154 152
154 153
154 155
154 156
155 122
155 153
155 154
155 157
156 154
156 157
156 158
157 155
157 156
157 158
157 159
158 156
158 157
158 159
158 855
159 157
159 158
159 160
159 161
160 159
160 161
160 162
161 159
161 160
161 162
161 163
162 160
162 161
162 163
162 164
162 611
163 161
163 162
163 164
163 165
163 822
164 162
164 163
164 165
164 166
165 163
165 164
165 166
165 167
165 460
166 164
166 165
166 167
166 168
166 426
167 165
167 166
167 168
167 827
168 166
168 167
168 169
168 170
168 872
169 168
169 170
169 171
170 168
170 169
170 171
170 172
171 17
171 169
171 170
171 172
172 170
172 171
172 173
172 374
172 952
173 3
173 172
173 323
173 693
174 175
174 800
175 174
175 176
175 177
175 758
176 13
176 175
176 178
177 175
177 178
177 179
178 15
178 176
178 177
178 179
178 180
178 247
179 177
179 178
179 180
179 181
180 178
180 179
180 181
180 182
181 179
181 180
181 183
181 818
182 180
182 341
182 510
182 675
183 181
183 184
183 185
183 421
184 40
184 183
184 185
184 404
185 183
185 184
185 187
185 462
185 983
186 187
186 188
186 862
187 185
187 186
187 188
187 848
187 860
188 186
188 187
188 189
188 626
188 724
189 188
189 190
189 191
190 189
190 191
190 192
190 494
190 837
191 189
191 190
191 192
191 193
192 190
192 191
192 193
192 194
193 191
193 192
193 194
193 195
194 192
194 193
194 195
194 196
195 193
195 194
195 196
195 197
196 194
196 195
196 197
196 198
197 107
197 195
197 196
197 325
198 196
198 200
198 689
199 200
199 201
199 234
200 198
200 199
200 201
200 202
200 394
201 199
201 200
201 203
201 327
201 818
202 200
202 203
202 204
203 201
203 202
203 204
203 404
204 202
204 203
204 205
204 206
204 931
205 204
205 206
205 207
206 44
206 204
206 205
206 207
207 205
207 206
207 208
207 209
208 207
208 209
208 561
209 22
209 207
209 208
209 211
210 211
210 212
211 209
211 210
211 213
211 290
211 717
211 781
212 210
212 286
212 382
212 508
213 211
213 214
213 686
214 213
214 215
214 216
215 214
215 456
215 576
216 214
216 217
216 218
216 370
217 216
217 218
217 219
218 216
218 217
218 220
218 303
219 217
219 220
219 221
220 218
220 219
220 221
220 222
221 219
221 220
221 222
221 223
222 220
222 221
222 223
222 224
223 221
223 222
223 225
223 306
224 23
224 222
224 225
224 226
225 223
225 224
225 226
225 227
226 224
226 225
226 227
226 228
227 10
227 225
227 226
227 228
227 229
228 226
228 227
228 229
228 230
229 227
229 228
229 230
229 231
229 762
229 982
230 228
230 229
230 232
230 250
230 264
231 229
231 232
231 233
232 230
232 231
232 233
232 234
232 486
233 231
233 232
233 234
233 235
234 199
234 232
234 233
234 235
235 233
235 234
235 236
235 237
236 86
236 235
236 238
236 707
236 905
237 235
237 238
237 492
237 619
238 236
238 237
238 239
238 240
239 238
239 240
239 241
240 238
240 239
240 241
240 242
241 239
241 240
241 242
241 567
242 240
242 241
242 243
242 729
243 242
243 244
243 245
244 243
244 245
244 246
244 326
244 799
245 243
245 244
245 247
245 588
246 244
246 247
246 341
247 178
247 245
247 246
247 248
247 533
247 966
248 247
248 249
248 250
249 248
249 250
249 251
250 105
250 230
250 248
250 249
250 252
251 249
251 253
251 551
252 250
252 253
252 254
253 251
253 252
253 254
253 255
253 975
254 252
254 253
254 255
254 256
255 253
255 254
255 256
255 257
256 254
256 255
256 257
256 559
256 741
257 255
257 256
257 281
257 547
258 259
258 516
258 819
259 258
259 260
259 261
260 259
260 261
260 262
260 740
261 259
261 260
261 262
261 263
261 569
262 260
262 261
262 264
262 501
262 866
263 261
263 264
263 383
263 522
264 230
264 262
264 263
264 265
265 118
265 264
265 267
265 347
266 267
266 635
267 265
267 266
267 268
267 269
268 267
268 269
268 270
269 267
269 268
269 270
269 271
270 268
270 269
270 271
270 272
271 269
271 270
271 272
271 273
272 270
272 271
272 273
272 274
273 271
273 272
273 274
273 275
274 272
274 273
274 275
274 276
275 273
275 274
275 276
275 277
276 274
276 275
276 277
276 448
277 275
277 276
277 278
277 279
277 972
278 277
278 279
278 280
278 296
279 87
279 277
279 278
279 280
279 281
280 278
280 279
280 281
280 282
281 257
281 279
281 280
281 282
281 283
282 280
282 281
282 283
282 284
283 281
283 282
283 284
283 285
284 282
284 283
284 286
284 467
285 283
285 287
285 384
286 212
286 284
286 287
286 288
287 285
287 286
287 289
287 834
288 286
288 289
288 290
289 287
289 288
289 290
289 291
289 932
290 211
290 288
290 289
290 291
290 292
290 622
291 289
291 290
291 292
291 293
292 290
292 291
292 293
292 294
293 291
293 292
293 294
293 295
294 292
294 293
294 295
294 296
295 293
295 294
295 297
295 457
295 520
296 278
296 294
296 297
297 295
297 296
297 298
297 299
298 297
298 299
298 324
299 52
299 131
299 297
299 298
299 300
299 928
300 299
300 301
300 302
301 300
301 302
301 303
302 300
302 301
302 303
302 755
303 74
303 98
303 218
303 301
303 302
303 305
303 355
304 305
304 306
304 308
305 303
305 304
305 740
305 830
305 979
306 223
306 304
306 307
306 308
306 694
307 306
307 308
307 309
308 304
308 306
308 307
308 428
309 56
309 307
309 310
309 311
310 309
310 311
310 312
310 338
311 75
311 147
311 309
311 310
311 313
311 697
312 310
312 313
312 314
313 311
313 312
313 315
313 742
314 312
314 316
314 345
315 313
315 316
315 317
316 314
316 315
316 317
316 318
317 315
317 316
317 318
317 497
318 316
318 317
318 319
318 320
319 54
319 318
319 320
319 321
319 479
320 318
320 319
320 321
320 322
320 856
321 319
321 320
321 323
321 341
321 551
322 320
322 323
322 324
323 173
323 321
323 322
323 324
323 325
323 623
324 298
324 322
324 323
324 325
324 326
324 366
325 88
325 197
325 323
325 324
325 326
326 244
326 324
326 325
326 328
327 201
327 329
327 333
328 95
328 326
328 329
328 330
329 327
329 328
329 331
329 493
329 815
329 910
330 23
330 328
330 770
330 906
331 29
331 329
331 332
331 333
332 331
332 333
332 334
333 327
333 331
333 332
333 334
334 95
334 332
334 333
334 876
335 336
335 578
336 335
336 337
336 338
337 48
337 336
337 338
338 310
338 336
338 337
338 339
339 338
339 340
339 341
340 339
340 341
340 342
341 182
341 246
341 321
341 339
341 340
341 343
342 340
342 343
342 590
343 341
343 342
343 344
343 345
344 343
344 345
344 346
345 314
345 343
345 344
345 346
345 347
346 344
346 345
346 347
346 348
347 265
347 345
347 346
347 349
347 721
348 346
348 349
348 350
349 347
349 348
349 351
349 542
350 348
350 351
350 352
351 349
351 350
351 353
351 407
352 24
352 350
352 628
353 351
353 355
353 954
354 355
354 356
355 303
355 353
355 354
355 356
355 357
356 354
356 355
356 358
356 889
357 355
357 358
357 359
358 356
358 357
358 359
358 360
359 357
359 358
359 360
359 759
360 358
360 359
360 361
360 362
361 360
361 362
361 363
361 782
362 360
362 361
362 363
362 364
363 113
363 361
363 362
363 364
364 362
364 363
364 365
364 366
365 364
365 366
365 367
366 97
366 324
366 364
366 365
367 365
367 368
367 369
368 367
368 369
368 370
369 367
369 368
369 370
369 371
370 216
370 368
370 369
370 485
371 369
371 372
371 373
372 371
372 374
372 675
373 371
373 374
373 375
374 172
374 372
374 373
374 375
374 890
375 373
375 374
375 376
375 377
376 375
376 378
376 421
376 772
377 375
377 378
377 379
378 21
378 376
378 377
378 380
379 149
379 377
379 381
380 378
380 381
380 382
381 379
381 380
381 382
381 383
381 726
382 212
382 380
382 381
382 383
382 431
383 263
383 381
383 382
383 384
383 385
384 285
384 383
384 386
384 776
384 878
385 383
385 386
385 387
386 384
386 385
386 387
386 388
387 385
387 386
387 388
387 389
388 386
388 387
388 389
388 390
389 387
389 388
389 391
389 466
390 72
390 388
390 391
390 392
391 389
391 390
391 392
391 393
392 390
392 391
392 393
392 924
393 391
393 392
393 394
393 395
393 859
394 200
394 393
394 396
395 393
395 396
395 397
396 394
396 395
396 397
396 398
397 48
397 85
397 395
397 396
397 398
398 396
398 397
398 399
398 400
399 398
399 400
399 401
400 398
400 399
400 401
400 402
401 399
401 400
401 402
401 403
401 726
402 400
402 401
402 403
402 404
402 863
403 401
403 402
403 404
403 405
404 184
404 203
404 402
404 403
404 405
404 406
405 80
405 403
405 404
405 406
405 407
406 404
406 405
406 407
406 408
407 351
407 405
407 406
407 408
407 641
408 406
408 407
408 857
408 936
409 410
409 411
410 409
410 411
410 700
411 409
411 410
411 412
411 413
411 690
412 411
412 413
412 414
412 586
413 411
413 412
413 414
413 415
414 412
414 413
414 415
414 416
415 413
415 414
415 416
415 417
416 414
416 415
416 417
416 418
417 415
417 416
417 418
417 419
418 416
418 417
418 420
418 933
419 417
419 420
419 421
420 418
420 419
420 421
420 422
421 183
421 376
421 419
421 420
422 420
422 423
422 424
423 422
423 424
423 425
424 422
424 423
424 425
424 633
425 423
425 424
425 426
425 427
425 700
426 166
426 425
426 734
426 944
427 425
427 428
427 429
428 308
428 427
428 429
428 430
429 131
429 427
429 428
429 430
430 428
430 429
430 431
430 541
430 924
431 382
431 430
431 432
431 647
432 431
432 433
432 434
433 432
433 434
433 435
434 432
434 433
434 435
434 450
434 845
435 433
435 434
435 553
435 566
435 715
436 437
436 930
437 436
437 438
437 439
438 437
438 439
438 440
439 437
439 438
439 440
439 441
439 834
440 438
440 439
440 441
440 442
441 439
441 440
441 443
441 918
442 440
442 443
442 444
443 441
443 442
443 445
443 644
444 442
444 445
444 446
445 443
445 444
445 446
445 447
445 892
446 38
446 93
446 444
446 445
446 585
446 907
447 445
447 448
447 449
448 276
448 447
448 449
448 450
449 447
449 448
449 450
449 451
450 434
450 448
450 449
450 451
450 452
451 449
451 450
451 452
451 453
452 101
452 450
452 451
452 453
453 451
453 452
453 454
453 455
453 511
454 453
454 455
454 456
455 453
455 454
455 457
455 798
456 215
456 454
456 457
456 458
457 38
457 295
457 455
457 456
457 458
458 456
458 457
458 459
458 460
459 458
459 461
459 762
460 165
460 458
460 461
460 789
461 459
461 460
461 462
461 463
462 185
462 461
462 463
462 464
463 461
463 462
463 464
463 465
464 462
464 463
464 465
464 466
465 82
465 463
465 464
465 467
466 389
466 464
466 467
466 468
466 608
467 104
467 284
467 465
467 466
467 468
467 469
468 466
468 467
468 469
468 470
468 481
469 467
469 468
469 470
469 471
470 468
470 469
470 471
470 472
471 469
471 470
471 472
471 473
472 470
472 471
472 474
472 970
473 471
473 474
473 475
473 941
474 472
474 473
474 475
474 476
474 493
475 473
475 474
475 476
475 918
476 474
476 475
476 477
476 478
477 476
477 478
477 479
478 476
478 477
478 479
478 480
479 319
479 477
479 478
479 480
480 478
480 479
480 481
480 482
481 468
481 480
481 483
481 966
482 480
482 483
482 751
483 481
483 482
483 485
483 559
484 485
484 486
485 370
485 483
485 484
485 617
485 712
486 232
486 484
486 487
487 486
487 488
487 489
488 487
488 489
488 490
489 487
489 488
489 490
489 491
490 488
490 489
490 491
490 492
491 7
491 489
491 490
491 493
492 237
492 490
492 498
493 329
493 474
493 491
493 495
494 190
494 803
495 493
495 496
495 497
496 495
496 498
496 915
497 317
497 495
497 498
497 499
498 492
498 496
498 497
498 499
498 500
499 497
499 498
499 500
499 565
500 498
500 499
500 501
500 502
501 65
501 262
501 500
501 502
501 503
502 500
502 501
502 504
502 566
503 501
503 504
503 505
504 502
504 503
504 506
504 847
505 503
505 506
505 507
505 862
506 504
506 505
506 507
506 508
507 84
507 505
507 506
507 509
508 212
508 506
508 510
508 797
509 507
509 510
509 511
510 182
510 508
510 509
510 512
510 957
511 453
511 509
511 512
512 120
512 510
512 511
512 513
512 514
513 512
513 514
513 515
514 512
514 513
514 515
514 516
515 513
515 514
515 516
515 517
516 258
516 514
516 515
516 517
517 515
517 516
517 518
517 519
518 517
518 520
518 946
519 517
519 520
519 701
519 718
520 295
520 518
520 519
520 521
520 567
521 520
521 522
521 523
522 263
522 521
522 523
523 521
523 522
523 524
523 525
524 523
524 525
524 897
525 523
525 524
525 526
525 527
526 525
526 527
526 528
526 540
526 996
527 525
527 526
527 528
527 529
528 526
528 527
528 529
528 530
529 112
529 527
529 528
529 531
530 528
530 531
530 532
530 990
531 36
531 529
531 530
531 532
531 533
532 530
532 531
532 533
532 534
533 247
533 531
533 532
533 535
533 930
534 532
534 535
534 536
535 533
535 534
535 614
535 913
536 534
536 537
536 538
537 39
537 62
537 536
537 538
537 539
538 536
538 537
538 539
538 945
539 537
539 538
539 540
539 541
540 526
540 539
540 542
541 430
541 539
541 543
542 349
542 540
542 543
542 544
543 541
543 542
543 544
543 545
543 553
544 542
544 543
544 545
544 546
545 543
545 544
545 546
545 547
546 544
546 545
546 548
546 767
547 9
547 257
547 545
547 548
547 549
548 546
548 547
548 549
548 550
549 547
549 548
549 550
549 551
549 880
550 548
550 549
550 551
550 552
550 954
551 251
551 321
551 549
551 550
551 552
551 553
552 550
552 551
552 553
552 554
553 435
553 543
553 551
553 552
553 554
554 552
554 553
554 555
554 556
554 732
555 554
555 556
555 557
556 554
556 555
556 557
556 558
557 555
557 556
557 558
557 559
558 556
558 557
558 559
558 560
559 256
559 483
559 557
559 558
559 560
559 561
560 558
560 559
560 561
560 562
561 208
561 559
561 560
561 562
561 563
562 560
562 561
562 564
562 804
562 808
563 561
563 564
563 565
564 562
564 563
564 565
564 566
565 499
565 563
565 564
565 566
565 567
565 705
566 435
566 502
566 564
566 565
566 568
567 70
567 241
567 520
567 565
567 568
567 569
568 566
568 567
568 569
568 570
569 29
569 147
569 261
569 567
569 568
569 689
569 702
569 725
569 830
570 568
570 571
570 581
571 570
571 572
571 573
572 571
572 573
572 574
573 571
573 572
573 574
573 575
574 572
574 573
574 575
574 577
575 573
575 574
575 576
575 577
576 215
576 575
576 577
576 578
577 574
577 575
577 576
577 578
577 579
578 335
578 576
578 577
578 579
578 580
579 577
579 578
579 580
579 948
580 4
580 578
580 579
580 581
580 582
581 570
581 580
581 582
581 583
582 113
582 149
582 580
582 581
582 583
582 584
583 581
583 582
583 584
583 585
584 582
584 583
584 585
584 586
585 446
585 583
585 584
585 586
585 587
586 412
586 584
586 585
586 587
587 585
587 586
587 589
587 848
587 895
588 245
588 589
588 590
588 977
589 587
589 588
589 591
589 801
590 342
590 588
590 591
590 592
590 713
591 589
591 590
591 592
591 593
592 115
592 590
592 591
592 594
593 591
593 594
593 595
594 592
594 593
594 595
594 596
595 593
595 594
595 596
595 597
596 594
596 595
596 597
596 598
597 595
597 596
597 598
597 599
598 596
598 597
598 599
598 988
599 597
599 598
599 600
599 601
600 599
600 601
600 602
601 599
601 600
601 602
601 603
601 821
602 600
602 601
602 603
602 604
603 601
603 602
603 604
603 605
604 602
604 603
604 606
604 864
605 603
605 606
605 607
605 653
606 604
606 605
606 608
606 840
607 605
607 608
607 609
607 925
608 466
608 606
608 607
608 609
608 942
609 607
609 608
609 610
609 611
610 129
610 609
610 611
610 612
611 61
611 162
611 609
611 610
611 612
611 881
612 610
612 611
612 613
612 614
613 612
613 614
613 615
614 535
614 612
614 613
614 615
614 616
615 613
615 614
615 616
615 617
616 614
616 615
616 617
616 618
617 485
617 615
617 616
617 618
617 619
618 616
618 617
618 619
618 620
619 237
619 617
619 618
619 620
619 621
620 618
620 619
620 621
620 748
621 619
621 620
621 622
621 623
622 290
622 621
622 624
623 323
623 621
623 624
624 622
624 623
624 625
624 626
625 624
625 626
625 627
626 188
626 624
626 625
626 627
626 628
627 625
627 626
627 628
627 629
628 352
628 626
628 627
628 629
628 630
629 627
629 628
629 630
629 631
630 628
630 629
630 631
630 632
631 629
631 630
631 632
631 633
632 94
632 630
632 631
632 633
632 634
633 424
633 631
633 632
633 634
633 635
634 632
634 633
634 635
634 636
634 798
635 266
635 633
635 634
635 636
635 637
636 634
636 635
636 637
636 638
636 878
637 635
637 636
637 638
637 639
638 7
638 636
638 637
638 640
639 637
639 640
639 641
640 638
640 639
640 642
640 661
640 791
641 407
641 639
641 642
641 643
642 640
642 641
642 643
642 644
643 641
643 642
643 644
643 856
644 443
644 642
644 643
644 645
644 646
645 644
645 646
645 647
646 112
646 644
646 645
646 647
646 801
646 941
647 431
647 645
647 646
647 649
648 649
648 650
648 801
649 647
649 648
649 650
649 651
650 648
650 649
650 651
650 652
650 908
651 649
651 650
651 653
651 823
652 115
652 650
652 653
652 654
653 605
653 651
653 652
653 654
654 652
654 653
654 655
654 822
655 654
655 656
655 657
656 655
656 657
656 658
657 655
657 656
657 658
657 659
658 656
658 657
658 659
658 660
659 3
659 657
659 658
659 660
660 658
660 659
660 715
660 790
660 852
661 640
661 662
662 661
662 663
662 664
663 662
663 664
663 665
664 137
664 662
664 663
664 665
665 663
665 664
665 666
665 667
666 121
666 665
666 667
666 668
667 665
667 666
667 668
667 669
668 666
668 667
668 669
668 670
669 83
669 667
669 668
669 670
669 671
670 668
670 669
670 671
670 672
671 669
671 670
671 672
671 673
672 96
672 670
672 671
672 673
672 674
673 671
673 672
673 674
673 675
674 672
674 673
674 675
674 676
675 182
675 372
675 673
675 674
675 676
675 677
676 674
676 675
676 677
676 678
677 675
677 676
677 678
677 679
678 676
678 677
678 679
678 680
679 677
679 678
679 681
679 704
680 678
680 681
680 682
681 679
681 680
681 682
681 683
682 680
682 681
682 684
682 901
683 681
683 684
683 685
683 807
684 682
684 683
684 685
684 686
685 683
685 684
685 686
685 687
685 995
686 213
686 684
686 685
686 687
686 688
687 685
687 686
687 688
687 689
688 686
688 687
688 689
688 690
689 198
689 569
689 687
689 688
689 690
689 823
690 411
690 688
690 689
690 692
691 692
691 693
692 690
692 691
692 693
692 694
693 173
693 691
693 692
693 694
693 695
694 306
694 692
694 693
694 696
695 693
695 696
695 697
696 694
696 695
696 697
696 698
697 311
697 695
697 696
697 699
698 696
698 699
698 700
699 113
699 697
699 698
699 700
699 701
700 410
700 425
700 698
700 699
700 701
701 519
701 699
701 700
701 702
701 971
702 569
702 701
702 703
703 702
703 704
703 705
704 679
704 703
704 705
704 706
705 565
705 703
705 704
705 706
705 760
705 773
706 704
706 705
706 707
706 708
707 236
707 706
707 708
708 706
708 707
708 709
708 710
708 861
709 708
709 710
709 711
710 708
710 709
710 711
710 712
711 709
711 710
711 713
711 948
712 485
712 710
712 713
712 714
713 33
713 590
713 711
713 712
714 712
714 715
714 716
714 886
715 435
715 660
715 714
715 863
716 714
716 718
716 770
716 864
716 991
717 211
717 719
718 519
718 716
718 719
719 717
719 718
719 721
719 922
719 942
720 721
720 722
721 347
721 719
721 720
721 722
721 723
722 720
722 721
722 723
722 724
723 122
723 721
723 722
723 724
723 725
724 188
724 722
724 723
724 726
725 569
725 723
725 726
726 381
726 401
726 724
726 725
726 730
727 137
727 728
727 729
728 727
728 730
728 923
729 73
729 242
729 727
729 731
730 726
730 728
730 731
731 729
731 730
731 732
731 733
732 554
732 731
732 734
733 731
733 735
733 896
734 95
734 426
734 732
734 971
735 733
735 736
735 737
736 735
736 737
736 738
737 735
737 736
737 738
737 739
738 736
738 737
738 739
738 740
739 737
739 738
739 740
739 741
740 260
740 305
740 738
740 739
741 135
741 256
741 739
742 313
742 743
742 744
743 82
743 742
743 744
743 745
744 742
744 743
744 745
744 746
744 833
745 743
745 744
745 746
745 747
745 785
746 744
746 745
746 747
746 748
747 745
747 746
747 748
747 749
748 620
748 746
748 747
748 749
748 750
749 747
749 748
749 750
749 751
750 748
750 749
750 751
750 752
751 482
751 749
751 750
751 752
751 753
752 98
752 750
752 751
752 754
753 751
753 754
753 755
754 752
754 753
754 756
754 860
755 302
755 753
755 756
755 757
756 754
756 755
756 757
756 758
757 755
757 756
757 758
757 759
758 175
758 756
758 757
758 759
759 95
759 359
759 757
759 758
759 760
760 705
760 759
760 762
761 762
761 763
762 229
762 459
762 760
762 761
762 764
763 761
763 764
763 765
763 814
764 762
764 763
764 765
764 766
765 763
765 764
765 766
765 767
766 60
766 764
766 765
766 768
767 546
767 765
767 768
767 924
768 766
768 767
768 770
768 893
769 770
769 771
770 330
770 716
770 768
770 769
770 771
770 821
771 30
771 769
771 770
771 773
772 376
772 773
772 844
773 705
773 771
773 772
773 775
774 775
774 776
775 773
775 774
775 776
775 777
776 384
776 774
776 775
776 777
776 778
777 775
777 776
777 778
777 779
778 776
778 777
778 779
778 780
779 777
779 778
779 780
779 781
780 778
780 779
780 781
780 782
781 20
781 211
781 779
781 780
781 783
782 361
782 780
782 784
783 781
783 784
783 785
783 991
784 782
784 783
784 785
784 786
785 745
785 783
785 784
785 786
786 784
786 785
786 787
786 788
787 786
787 788
787 789
788 786
788 787
788 789
788 790
789 460
789 787
789 788
789 791
790 660
790 788
790 791
790 792
791 640
791 789
791 790
791 792
791 793
791 943
792 790
792 791
792 793
792 794
793 791
793 792
793 794
793 795
794 79
794 792
794 793
794 795
794 796
795 793
795 794
795 796
795 797
796 794
796 795
796 797
796 798
797 508
797 795
797 796
797 798
797 799
798 114
798 455
798 634
798 796
798 797
798 800
799 244
799 797
799 800
799 825
800 120
800 174
800 798
800 799
800 801
801 589
801 646
801 648
801 800
801 802
802 801
802 803
802 804
803 494
803 802
803 804
803 805
804 562
804 802
804 803
804 805
804 806
805 803
805 804
805 806
805 807
806 804
806 805
806 807
806 808
807 683
807 805
807 806
807 809
808 562
808 806
808 809
809 807
809 808
809 810
809 973
810 809
810 811
810 812
811 810
811 812
811 813
812 810
812 811
812 813
812 814
813 811
813 812
813 814
813 815
814 763
814 812
814 813
814 816
815 329
815 813
815 817
816 814
816 817
816 818
817 815
817 816
817 818
817 819
818 181
818 201
818 816
818 817
818 819
818 820
819 258
819 817
819 818
819 820
819 821
820 818
820 819
820 821
820 822
821 601
821 770
821 819
821 820
821 822
822 163
822 654
822 820
822 821
822 823
823 651
823 689
823 822
823 824
824 823
824 825
824 826
825 799
825 824
825 827
826 824
826 827
826 828
827 167
827 825
827 826
827 828
827 829
828 826
828 827
828 829
828 830
829 827
829 828
829 830
829 831
830 305
830 569
830 828
830 829
830 832
831 829
831 832
831 833
832 830
832 831
832 833
832 834
832 946
833 744
833 831
833 832
833 835
834 287
834 439
834 832
834 835
835 833
835 834
835 836
835 837
836 835
836 837
836 838
837 190
837 835
837 836
837 839
838 836
838 839
838 840
839 837
839 838
839 840
839 841
840 606
840 838
840 839
840 841
840 842
841 839
841 840
841 842
841 843
842 840
842 841
842 844
842 987
843 841
843 844
843 845
844 772
844 842
844 843
844 845
844 846
845 434
845 843
845 844
845 847
846 80
846 844
846 847
846 848
847 121
847 504
847 845
847 846
847 848
847 849
848 187
848 587
848 846
848 847
848 850
849 847
849 850
849 851
850 107
850 848
850 849
850 851
850 852
851 849
851 850
851 852
851 853
852 660
852 850
852 851
852 853
852 854
853 851
853 852
853 854
853 855
854 852
854 853
854 855
854 856
855 158
855 853
855 854
855 857
855 962
856 320
856 643
856 854
856 857
857 408
857 855
857 856
857 858
857 859
858 857
858 859
858 860
859 393
859 857
859 858
859 860
860 187
860 754
860 858
860 859
860 862
861 708
861 862
862 186
862 505
862 860
862 861
862 979
863 402
863 715
863 864
864 604
864 716
864 863
864 865
865 864
865 866
865 867
866 72
866 262
866 865
866 868
867 865
867 868
867 869
868 11
868 866
868 867
868 869
868 870
869 85
869 867
869 868
869 871
870 80
870 868
870 871
871 869
871 870
871 872
871 926
872 168
872 871
872 873
873 872
873 874
873 875
874 27
874 873
874 875
874 876
875 101
875 873
875 874
875 877
876 39
876 334
876 874
876 877
877 875
877 876
877 878
877 879
878 143
878 384
878 636
878 877
879 877
879 880
879 881
880 549
880 879
880 882
881 89
881 611
881 879
882 880
882 883
882 884
883 882
883 884
883 885
884 882
884 883
884 885
884 886
885 883
885 884
885 886
885 887
886 714
886 884
886 885
886 888
887 885
887 888
887 889
888 886
888 887
888 889
888 890
889 356
889 887
889 888
889 890
889 891
890 374
890 888
890 889
890 891
890 892
891 889
891 890
891 892
891 893
892 445
892 890
892 891
892 893
893 768
893 891
893 892
893 894
893 895
894 893
894 895
894 896
895 587
895 893
895 894
895 896
895 897
896 733
896 894
896 895
896 897
896 898
897 524
897 895
897 896
897 898
897 899
898 896
898 897
898 899
898 900
899 897
899 898
899 900
899 901
900 898
900 899
900 901
900 902
901 682
901 899
901 900
901 902
901 903
902 900
902 901
902 903
902 904
903 901
903 902
903 904
903 905
904 902
904 903
904 905
904 906
905 236
905 903
905 904
905 977
906 330
906 904
906 907
907 446
907 906
907 908
907 909
908 650
908 907
908 909
909 907
909 908
909 910
909 911
910 329
910 909
910 912
911 75
911 909
911 912
911 913
912 910
912 911
912 913
912 914
913 104
913 535
913 911
913 912
913 915
914 912
914 915
914 916
915 496
915 913
915 914
915 916
915 917
916 914
916 915
916 917
916 918
917 915
917 916
917 918
917 919
918 441
918 475
918 916
918 917
918 919
918 920
919 917
919 918
919 920
919 921
920 918
920 919
920 921
920 922
921 919
921 920
921 922
921 923
922 719
922 920
922 921
922 924
923 728
923 921
923 924
923 925
924 392
924 430
924 767
924 922
924 923
924 925
924 926
925 607
925 923
925 924
925 927
926 871
926 924
926 927
926 928
927 925
927 926
927 928
927 929
928 299
928 926
928 927
928 929
928 930
929 927
929 928
929 930
929 931
930 436
930 533
930 928
930 929
930 932
931 204
931 929
931 932
932 289
932 930
932 931
932 933
933 75
933 418
933 932
933 934
933 935
934 933
934 935
934 936
935 933
935 934
935 936
935 937
936 408
936 934
936 935
936 937
936 938
937 935
937 936
937 938
937 939
938 936
938 937
938 939
938 940
939 937
939 938
939 940
939 941
940 938
940 939
940 941
940 942
941 473
941 646
941 939
941 940
942 608
942 719
942 940
942 944
943 791
943 944
944 426
944 942
944 943
944 945
944 946
945 538
945 944
945 946
945 947
946 40
946 518
946 832
946 944
946 945
946 947
947 945
947 946
947 948
947 949
948 579
948 711
948 947
948 949
948 950
949 947
949 948
949 950
949 951
950 948
950 949
950 951
950 952
951 949
951 950
951 952
951 953
952 172
952 950
952 951
952 953
953 951
953 952
953 954
953 955
954 353
954 550
954 953
954 956
955 953
955 956
955 957
956 65
956 954
956 955
956 957
956 958
957 510
957 955
957 956
957 959
958 956
958 959
958 960
959 957
959 958
959 960
959 961
960 958
960 959
960 961
960 962
961 959
961 960
961 962
961 963
962 855
962 960
962 961
962 963
962 964
963 961
963 962
963 964
963 965
964 32
964 962
964 963
964 966
965 963
965 966
965 967
966 142
966 247
966 481
966 964
966 965
967 965
967 968
967 969
968 967
968 969
968 970
969 967
969 968
969 970
969 971
970 472
970 968
970 969
970 971
970 972
971 701
971 734
971 969
971 970
971 972
972 277
972 970
972 971
972 974
973 809
973 974
973 975
974 972
974 973
974 975
974 976
975 253
975 973
975 974
975 976
976 974
976 975
976 977
976 978
977 55
977 588
977 905
977 976
977 979
978 976
978 979
978 980
979 305
979 862
979 977
979 978
979 981
980 978
980 981
980 982
981 979
981 980
981 982
981 983
982 229
982 980
982 981
982 983
983 185
983 981
983 982
983 984
984 983
984 985
984 986
985 146
985 984
985 986
985 987
986 984
986 985
986 987
986 988
987 842
987 985
987 986
987 988
987 989
988 598
988 986
988 987
988 989
988 990
989 987
989 988
989 990
989 991
990 530
990 988
990 989
990 991
991 716
991 783
991 989
991 990
992 993
992 994
993 992
993 994
993 995
994 992
994 993
994 995
994 996
995 685
995 993
995 994
995 997
996 526
996 994
996 998
997 995
997 998
997 999
998 0
998 996
998 997
998 999
999 0
999 1
999 997
999 998
